8489,22,8709
8515,22,8727
8574,22,20003
8709,32324232,8713,8489,20001,9177
8713,32113201,8727,20012,8709,9170
8727,32323232,8777,8515,8713,9699
8777,32,8727
8813,2222,8827,11368
8827,32112220,8813,11363,11369,9361
8833,32423243,11369,20003,8878,20004
8878,32,8833
9161,11,9170
9170,212010220132,9161,8713,20008,11394,20007,9485
9177,01321132,11392,8709,20011,9178
9178,102332,11393,9177,11389
9179,2222,11394,11390
9361,010220,9363,8827,9524
9363,21111021,11349,11367,9361,9513
9485,32323211,9629,9170,11389,20006
9512,1111,9513,20045
9513,11110111,9512,9363,9524,11351
9524,100220,9513,9361,9846
9629,1422,9699,9485
9699,32324153,9851,8727,9629,20005
9743,25,9843
9745,2222,9747,11391
9747,2110220133,11403,11364,9745,11385,11387
9750,1311,9840,20042
9760,33,9883
9761,11,9867
9800,011033200133,10248,20015,11379,20023,10274,11365
9814,33113310,9843,20032,9818,11374
9818,43423311,9814,11387,9821,11375
9821,334302,9818,20051,11376
9823,10,11377
9840,43313301,20051,9750,9846,11360
9843,32524343,9915,9743,9814,11378
9846,33023320,9840,9524,11370,11377
9851,22,9699
9867,33113311,11370,9761,9883,20029
9883,4343430143,9867,11413,9760,20010,11414
9915,2222,9843,9983
9970,10,20010
9983,222211,10088,9915,20015
10088,122210,11399,9983,20018
10209,11111011,20020,11396,10240,20021
10240,01432034,10209,20022,10248,10859
10248,01111011,10240,20015,9800,10873
10274,10110101,9800,20023,10276,10584
10276,1001,10274,10278
10278,10200102,10276,20025,11383,10583
10286,10020120,11383,20027,11371,10582
10298,10110111,11371,20029,10315,10581
10305,10,10315
10315,200133200133,10298,20029,11414,20031,10305,10580
10580,01331134,10581,10315,10591,10886
10581,01111011,11372,10298,10580,10896
10582,01021020,10583,10286,11372,10893
10583,01201002,10584,10278,10582,10894
10584,01101001,11365,10274,10583,10890
10591,11,10580
10852,32,10886
10859,32434342,10866,10240,10873,20126
10866,32,10859
10873,43114331,10859,10248,10884,20009
10884,43434243,10873,20033,20034,20127
10886,32423242,10896,10580,10852,20133
10890,22103301,20034,10584,10894,11101
10893,32022220,10894,10582,11373,20121
10894,33203302,10890,10583,10893,20115
10896,221122,11373,10581,10886
11100,11,20114
11101,10,10890
11102,10,20115
11105,02,20121
11114,22,20123
11341,11,20104
11347,22,20102
11348,110111,20045,11350,11349
11349,112111,11353,9363,11348
11350,100110,11348,20036,11353
11351,112101,9513,20042,11352
11352,1001,11351,11405
11353,110111,11349,11350,20048
11356,111110,11359,11384,20039
11357,011001,11358,11385,20039
11358,1001,11357,11409
11359,110111,11356,11386,11401
11360,10100111,11376,9840,11377,20052
11362,10101003,11406,20038,11405,20100
11363,11,8827
11364,0110,9747,11386
11365,331033,9800,10584,20033
11367,11,9363
11368,2222,8813,20001
11369,32113202,8827,20014,8833,11370
11370,33203310,9846,11369,9867,20028
11371,20010101,10286,20028,10298,11372
11372,01101001,10582,11371,10581,11373
11373,221022,10893,11372,10896
11374,10010110,11378,9814,11375,11380
11375,10110111,11374,9818,11376,11381
11376,10200102,11375,9821,11360,11382
11377,10020120,11360,9846,9823,20027
11378,330133,9843,11374,11379
11379,331033,11378,11380,9800
11380,01011010,11379,11374,11381,20023
11381,01111011,11380,11375,11382,20024
11382,01201102,11381,11376,20052,20025
11383,1001,10278,10286
11384,1111,11356,20048
11385,1001,9747,11357
11386,1001,11359,11364
11387,3334,9747,9818
11388,11,11403
11389,2222,9485,9178
11390,2222,9179,11391
11391,2222,9745,11390
11392,1001,9177,20008
11393,0110,9178,20007
11394,2222,9179,9170
11395,3444,20005,20022
11396,111111,20019,11399,10209
11399,112101,11396,10088,20017
11401,1111,11359,11402
11402,1111,11401,11403
11403,111111,11388,11402,9747
11405,1001,11352,11362
11406,0110,11362,11407
11407,0110,11406,11409
11409,1001,11358,11407
11413,3233,20004,9883
11414,3442,9883,10315
20001,2422,8709,11368
20003,2223,8574,8833
20004,3433,8833,11413
20005,3543,9699,11395
20006,11,9485
20007,0110,11393,9170
20008,1001,11392,9170
20009,1211,10873,20103
20010,1001,9883,9970
20011,11,9177
20012,11,8713
20014,11,11369
20015,110111,9983,9800,10248
20017,1001,11399,20022
20018,0110,10088,20022
20019,11,11396
20020,11,10209
20021,11,10209
20022,10440134,20017,11395,20018,10240
20023,01011011,9800,11380,20024,10274
20024,011110,20023,11381,20025
20025,01201002,20024,11382,20026,10278
20026,011110,20025,20052,20027
20027,01021020,20026,11377,20028,10286
20028,01011010,20027,11370,20029,11371
20029,01111011,20028,9867,10315,10298
20031,01,10315
20032,11,9814
20033,3334,11365,10884
20034,2322,10884,10890
20036,1001,11350,20037
20037,1001,20036,20038
20038,1001,20037,11362
20039,011010,11356,20040,11357
20040,0110,20039,20041
20041,01,20040
20042,111011,9750,20043,11351
20043,0110,20042,20044
20044,01,20043
20045,111110,11348,9512,20046
20046,0110,20045,20047
20047,01,20046
20048,111011,11353,20049,11384
20049,0110,20048,20050
20050,01,20049
20051,3434,9821,9840
20052,111111,11382,11360,20026
20100,30,11362
20101,323223,20136,20103,20102

20102,11321122,20105,20101,20104,11347
20103,32112211,20101,20009,20106,20104
20104,11111111,20102,20103,20107,11341
20105,11,20102
20106,223211,20103,20108,20107
20107,1111,20104,20106
20108,23113211,20106,20110,20112,20111
20110,11,20108
20111,11,20108
20112,32432221,20108,20128,20113,20114
20113,2222,20112,20115
20114,1111,20112,11100
20115,22202201,20113,10894,20121,11102
20121,22022220,20115,10893,20122,11105
20122,222211,20121,20123,20124
20123,324211103201,20122,20134,20125,20131,11114,20130
20124,11,20122
20125,11,20123
20126,2432,10859,20135
20127,3433,10884,20128
20128,3334,20127,20112
20129,10,20130
20130,1001,20123,20129
20131,0110,20123,20132
20132,01,20131
20133,2322,10886,20134
20134,2224,20133,20123
20135,2322,20126,20136
20136,2223,20135,20101
