


#イオン店舗内
11362, 11363, 20

11406, 11362, 20
20038, 11362, 20
11405, 11362, 20





11378, 11374, 10
11374, 11378, 10
11374, 11375, 10
11375, 11374, 10
11375, 11376, 10
11376, 11375, 10
11376, 11360, 10
11360, 11376, 10
11360, 11377, 10
11377, 11360, 10
11370,  9823, 10
 9823, 11370, 10
11379, 11380, 10
11380, 11379, 10
11380, 11381, 10
11381, 11380, 10
11381, 11382, 10
11382, 11381, 10
 9800, 10274, 30
10274,  9800, 30
10274, 10276, 30
10276, 10274, 30
10276, 10278, 30
10278, 10276, 30
10278, 11383, 30
11383, 10278, 30
11383, 10286, 30
10286, 11383, 30
10286, 11371, 30
11371, 10286, 30
11371, 10298, 30
10298, 11371, 30
10298, 10315, 30
10315, 10298, 30
11365, 10584, 10
10584, 11365, 10
10584, 10583, 10
10583, 10584, 10
10583, 10582, 10
10582, 10583, 10
10582, 11372, 10
11372, 10582, 10
11372, 10581, 10
10581, 11372, 10
10581, 10580, 10
10580, 10581, 10
 9814, 11374, 10
11374,  9814, 10
11374, 11380, 10
11380, 11374, 10
11380, 10274, 10
10274, 11380, 10
10274, 10584, 10
10584, 10274, 10
10584, 10890, 10
 9818, 11375, 10
11375,  9818, 10
11375, 11381, 10
11381, 11375, 10
11381, 10276, 10
10276, 11381, 10
 9821, 11376, 40
11376,  9821, 40
11376, 11382, 40
11382, 11376, 40
11382, 10278, 40
10278, 11382, 40
10278, 10583, 40
10583, 10278, 40
10583, 10894, 40
10894, 10583, 40
 9840, 11360, 10
11360,  9840, 10
11360, 11383, 10
11383, 11360, 10
 9846, 11377, 40
11377,  9846, 40
11377, 10286, 40
10286, 10582, 40
10582, 10286, 40
10582, 10893, 40
10893, 10582, 40
11370, 11371, 10
11371, 11370, 10
11371, 11372, 10
11372, 11371, 10
11372, 11373, 10
11373, 11372, 10
 9867, 10298, 30
10298,  9867, 30
10298, 10581, 30
10581, 10298, 30
10581, 10896, 30
10896, 10581, 30
