#begin time, end time, start, goal, volume, vehicle type,
#num of stop points, stop point id, ...
0, 86400000, 0, 1, 10, 21, 0
0, 86400000, 1, 0, 10, 21, 0 
0, 86400000, 0, 1, 10, 51, 0
0, 86400000, 1, 0, 10, 51, 0 
0, 86400000, 2, 3, 10, 21, 0
0, 86400000, 3, 2, 10, 21, 0 
0, 86400000, 2, 3, 10, 51, 0
0, 86400000, 3, 2, 10, 51, 0 
0, 86400000, 4, 5, 10, 21, 0
0, 86400000, 5, 4, 10, 21, 0 
0, 86400000, 4, 5, 10, 51, 0
0, 86400000, 5, 4, 10, 51, 0 
0, 86400000, 6, 7, 10, 21, 0
0, 86400000, 7, 6, 10, 21, 0 
0, 86400000, 6, 7, 10, 51, 0
0, 86400000, 7, 6, 10, 51, 0 
 
