276
008489008709
2,2
008489,008709
0,1
2
-1294,-92.9965,0
-737.544,-92.0237,0
2
-1293.99,-100.996,0
-737.402,-101.773,0
2
-1294.01,-84.9965,0
-737.687,-82.2739,0
008515008727
2,2
008515,008727
0,1
2
-1287.36,234.151,0
-740.631,618.817,0
2
-1282.76,227.608,0
-740.634,606.893,0
2
-1291.97,240.694,0
-740.628,630.74,0
008574020003
2,2
008574,020003
0,1
2
-1335,-1056.96,0
-876,-1048,0
2
-1334.84,-1064.96,0
-876,-1061,0
2
-1335.16,-1048.96,0
-876,-1035,0
008709008713
2,2
008709,008713
1,1
2
-724.225,-80.2074,0
-726.88,58.7038,0
2
-714.475,-80.1472,0
-717.125,58.5294,0
2
-733.976,-80.2676,0
-736.635,58.8782,0
008709009177
2,2
008709,009177
1,1
2
-710.545,-91.8574,0
-449.46,-89.0897,0
2
-710.402,-101.606,0
-447.514,-98.8196,0
2
-710.687,-82.1083,0
-451.406,-79.3598,0
008709020001
2,4
008709,020001
1,1
2
-723.882,-103.699,0
-723.02,-189,0
2
-735.382,-103.77,0
-734.522,-188.924,0
2
-712.382,-103.628,0
-711.519,-189.075,0
008713008727
2,2
008713,008727
1,1
2
-727.024,71.7143,0
-728.938,609.5,0
2
-717.273,71.54,0
-719.199,612.731,0
2
-736.775,71.8887,0
-738.676,606.268,0
008713009170
1,0
008713,009170
1,1
2
-715.228,65.0436,0
-465.233,65.9695,0
2
-715.197,62.2937,0
-465.217,61.4695,0
2
-715.26,67.7935,0
-465.25,70.4695,0
008713020012
1,1
008713,020012
1,0
2
-738.724,65.4628,0
-801.002,67.9211,0
2
-738.775,69.9683,0
-800.824,72.4176,0
2
-738.673,60.9573,0
-801.179,63.4246,0
008727008777
2,2
008727,008777
1,0
2
-728.958,637.318,0
-727.008,1117,0
2
-719.195,640.558,0
-717.258,1116.96,0
2
-738.721,634.079,0
-736.758,1117.04,0
008727009699
2,2
008727,009699
1,1
2
-717.314,627.323,0
-125.768,643.675,0
2
-717.316,617.569,0
-128.362,633.849,0
2
-717.311,637.077,0
-123.175,653.5,0
008813008827
2,2
008813,008827
1,1
2
-658.82,-501.002,0
-650.586,-592.486,0
2
-666.716,-502.515,0
-660.374,-592.502,0
2
-650.924,-499.488,0
-640.798,-592.47,0
008813011368
2,2
008813,011368
1,1
2
-659.573,-497.073,0
-724.423,-278.941,0
2
-651.677,-495.56,0
-716.396,-277.868,0
2
-667.469,-498.587,0
-732.45,-280.013,0
008827009361
0,2
008827,009361
1,1
2
-638.437,-598.963,0
-343.595,-598.015,0
2
-638.255,-603.462,0
-343.48,-602.514,0
2
-638.618,-594.463,0
-343.709,-593.515,0
008827011363
1,1
008827,011363
1,0
2
-662.013,-599,0
-713,-599,0
2
-662.195,-594.5,0
-713,-594.5,0
2
-661.831,-603.5,0
-713,-603.5,0
008827011369
2,2
008827,011369
1,1
2
-650.059,-605.486,0
-650.941,-702.477,0
2
-658.059,-605.499,0
-660.691,-702.5,0
2
-642.059,-605.473,0
-641.19,-702.455,0
008833008878
2,2
008833,008878
1,0
2
-651.926,-1061.1,0
-650.01,-1450,0
2
-661.675,-1061.35,0
-659.76,-1450.05,0
2
-642.177,-1060.85,0
-640.26,-1449.95,0
008833011369
2,2
008833,011369
1,1
2
-651.954,-1030.58,0
-651.019,-715.478,0
2
-642.203,-1030.33,0
-641.269,-715.455,0
2
-661.705,-1030.82,0
-660.769,-715.5,0
008833020003
2,3
008833,020003
1,1
2
-663.704,-1046.11,0
-872,-1048,0
2
-663.716,-1034.61,0
-872,-1035,0
2
-663.693,-1057.61,0
-872,-1061,0
008833020004
3,4
008833,020004
1,1
2
-640.197,-1045.51,0
-558,-1042,0
2
-640.184,-1058.77,0
-558,-1055,0
2
-640.21,-1032.25,0
-558,-1029,0
009161009170
1,1
009161,009170
0,1
2
-457,133,0
-457,77.8448,0
2
-461.5,133,0
-463.25,77.8448,0
2
-452.5,133,0
-450.75,77.8448,0
009170009485
2,2
009170,009485
1,1
2
-448.604,66.1259,0
-272.578,68.7663,0
2
-448.458,56.377,0
-276.961,58.9495,0
2
-448.75,75.8748,0
-268.195,78.5832,0
009170011394
2,2
009170,011394
1,1
2
-456.535,46.0054,0
-456.047,25.0069,0
2
-464.533,45.8194,0
-464.032,24.2964,0
2
-448.537,46.1914,0
-448.061,25.7174,0
009170020007
1,0
009170,020007
1,1
2
-450.675,47.0263,0
-444.634,28.9032,0
2
-453.284,46.1567,0
-447.312,28.2383,0
2
-448.067,47.896,0
-441.957,29.5681,0
009170020008
0,1
009170,020008
1,1
2
-462.747,46.8435,0
-468.413,27.9567,0
2
-465.381,47.6337,0
-471.211,28.1988,0
2
-460.113,46.0533,0
-465.615,27.7146,0
009177009178
2,3
009177,009178
1,1
2
-436.442,-88.5589,0
-417.945,-86.7689,0
2
-434.52,-98.1684,0
-416.396,-96.4145,0
2
-438.364,-78.9493,0
-419.495,-77.1233,0
009177011392
1,0
009177,011392
1,1
2
-445.905,-77.2287,0
-460.223,-42.8639,0
2
-442.991,-77.0726,0
-457.538,-42.1587,0
2
-448.819,-77.3849,0
-462.909,-43.5691,0
009177020011
1,1
009177,020011
1,0
2
-441,-100.583,0
-441,-134,0
2
-445.5,-100.825,0
-445.5,-134,0
2
-436.5,-100.342,0
-436.5,-134,0
009178011389
2,2
009178,011389
1,1
2
-404.769,-84.8187,0
-350.107,-72.4759,0
2
-403.219,-94.4643,0
-345.158,-79.5596,0
2
-406.318,-75.1731,0
-355.057,-65.3921,0
009178011393
0,1
009178,011393
1,1
2
-415.541,-74.6779,0
-432.112,-40.8155,0
2
-412.702,-74.2219,0
-429.465,-39.9673,0
2
-418.379,-75.1338,0
-434.758,-41.6636,0
009179011390
2,2
009179,011390
1,1
2
-445.102,-42.8207,10
-376.915,-181.144,15
2
-452.815,-45.2688,10
-383.175,-186.539,15
2
-437.39,-40.3727,10
-370.655,-175.75,15
009179011394
2,2
009179,011394
1,1
2
-446.312,-39.0008,10
-455.691,21.0196,0
2
-438.598,-36.5521,10
-447.705,21.7301,0
2
-454.027,-41.4495,10
-463.677,20.3091,0
009361009363
1,0
009361,009363
1,1
2
-338.939,-591.432,0
-338.076,-498.234,0
2
-336.188,-591.362,0
-335.325,-498.128,0
2
-341.69,-591.502,0
-340.827,-498.34,0
009361009524
0,2
009361,009524
1,1
2
-334.094,-597.766,0
-238.581,-593.218,0
2
-333.98,-602.266,0
-238.415,-597.715,0
2
-334.209,-593.267,0
-238.748,-588.721,0
009363009513
1,1
009363,009513
1,1
2
-329.743,-489.603,0
-240.52,-485.313,0
2
-329.806,-495.863,0
-240.494,-489.817,0
2
-329.681,-483.343,0
-240.545,-480.809,0
009363011349
1,1
009363,011349
1,1
2
-337.911,-481.68,0
-337.068,-402.358,0
2
-331.659,-481.439,0
-330.817,-402.309,0
2
-344.164,-481.921,0
-343.319,-402.406,0
009363011367
1,1
009363,011367
1,0
2
-346.248,-490.239,0
-612.001,-497.942,0
2
-346.203,-485.736,0
-612.131,-493.444,0
2
-346.292,-494.742,0
-611.87,-502.44,0
009485009629
2,2
009485,009629
1,1
2
-253.528,81.7085,0
-161.5,421.5,0
2
-243.069,82.992,0
-154,421,0
2
-263.986,80.4251,0
-169,422,0
009485011389
2,2
009485,011389
1,1
2
-263.68,58.6498,0
-346.828,-70.1848,0
2
-276.282,57.1032,0
-351.778,-63.101,0
2
-251.077,60.1965,0
-341.879,-77.2685,0
009485020006
1,1
009485,020006
1,0
2
-242.452,72.3946,0
-198.948,82.5455,0
2
-244.755,67.2363,0
-197.925,78.1633,0
2
-240.149,77.5528,0
-199.97,86.9278,0
009512009513
1,1
009512,009513
1,1
2
-234.969,-398.738,0
-234.074,-478.44,0
2
-239.422,-402.998,0
-238.571,-478.709,0
2
-230.517,-394.479,0
-229.576,-478.172,0
009512020045
1,1
009512,020045
1,1
2
-237.734,-395.848,0
-248.377,-395.257,0
2
-233.282,-391.589,0
-248.252,-390.757,0
2
-242.187,-400.108,0
-248.502,-399.757,0
009513009524
1,0
009513,009524
1,1
2
-234,-491.48,0
-234,-586.524,0
2
-236.75,-491.644,0
-236.75,-586.626,0
2
-231.25,-491.316,0
-231.25,-586.422,0
009513011351
1,1
009513,011351
1,1
2
-227.532,-484.538,0
-210.537,-483.324,0
2
-227.507,-489.048,0
-210.329,-487.821,0
2
-227.558,-480.028,0
-210.746,-478.828,0
009524009846
0,2
009524,009846
1,1
2
-229.084,-592.87,0
-20.4894,-587.357,0
2
-228.918,-597.367,0
-20.272,-591.852,0
2
-229.251,-588.373,0
-20.7068,-582.861,0
009629009699
4,1
009629,009699
1,1
2
-160.5,426.5,0
-117.558,626.983,0
2
-153,426,0
-107.534,627.285,0
2
-168,427,0
-127.582,626.682,0
009699009851
2,2
009699,009851
1,0
2
-108.513,661.128,0
33.3899,1104.1,0
2
-98.1755,661.439,0
41.0085,1101.65,0
2
-118.851,660.817,0
25.7712,1106.54,0
009699020005
3,5
009699,020005
1,1
2
-100.791,644.429,0
38,649,15
2
-104.787,629.291,0
38,636,15
2
-96.7957,659.566,0
38,662,15
009743009843
5,2
009743,009843
0,1
2
-98.034,-4.63273,0
-23.4118,9.30768,0
2
-95.6008,-17.6574,0
-24.9872,-4.46584,0
2
-100.467,8.39195,0
-21.8364,23.0812,0
009745009747
2,2
009745,009747
1,1
2
-221.946,-261.863,4
-119,-255.5,0
2
-223.336,-269.973,4
-119,-263,0
2
-220.557,-253.753,4
-119,-248,0
009745011391
2,2
009745,011391
1,1
2
-225.89,-261.187,4
-322.153,-219.794,10
2
-224.501,-253.077,4
-318.258,-212.761,10
2
-227.279,-269.298,4
-326.048,-226.828,10
009747011364
0,1
009747,011364
1,1
2
-122,-243,0
-131.104,-242.785,0
2
-122,-240,0
-130.635,-240.003,0
2
-122,-246,0
-131.573,-245.566,0
009747011385
1,0
009747,011385
1,1
2
-117.5,-266.5,0
-127.258,-268.885,0
2
-122,-265,0
-128.132,-266.18,0
2
-113,-268,0
-126.384,-271.591,0
009747011387
3,3
009747,011387
1,1
2
-94,-253,0
-86,-252,0
2
-94,-266,0
-86,-265,0
2
-94,-240,0
-86,-239,0
009747011403
1,1
009747,011403
1,1
2
-104,-240,0
-104.879,-206.536,0
2
-99,-240,0
-100.378,-206.525,0
2
-109,-240,0
-109.38,-206.546,0
009750009840
3,1
009750,009840
1,1
2
-136,-480.968,0
-27.1233,-479.24,0
2
-135.746,-488.965,0
-26.8777,-487.237,0
2
-136.254,-472.971,0
-27.369,-471.243,0
009750020042
1,1
009750,020042
1,1
2
-139.998,-481.095,0
-154.049,-481.764,0
2
-140.141,-476.597,0
-154.204,-477.267,0
2
-139.855,-485.593,0
-153.894,-486.262,0
009760009883
3,3
009760,009883
0,1
2
-199.142,-1447.19,0
-7.58375,-1044.06,0
2
-188.755,-1452.13,0
4.38385,-1049.75,0
2
-209.529,-1442.26,0
-19.5514,-1038.38,0
009761009867
1,1
009761,009867
0,1
2
-232,-789,0
-14.4814,-789,0
2
-232,-793.5,0
-14.4624,-793.5,0
2
-232,-784.5,0
-14.5004,-784.5,0
009800010248
1,0
009800,010248
1,1
2
332,28,0
328.938,423.504,0
2
334,28,0
331.688,423.508,0
2
330,28,0
326.187,423.5,0
009800010274
1,0
009800,010274
1,1
2
332,0,0
332.715,-164.405,0
2
330,0,0
329.957,-164.275,0
2
334,0,0
335.473,-164.535,0
009800011365
3,3
009800,011365
1,1
2
338,14,0
455.475,13.0335,0
2
338,2,0
455.495,1.53306,0
2
338,26,0
455.455,24.534,0
009800011379
3,3
009800,011379
1,1
2
300,14,0
205.886,12.0788,0
2
300,26,0
205.895,23.5804,0
2
300,2,0
205.877,0.577162,0
009800020015
0,1
009800,020015
1,1
2
305,28,0
300.39,423.509,0
2
307,28,0
303.145,423.502,0
2
303,28,0
297.635,423.515,0
009800020023
0,1
009800,020023
1,1
2
307,0,0
305.696,-162.628,0
2
303,0,0
302.941,-162.53,0
2
311,0,0
308.452,-162.726,0
009814009818
3,3
009814,009818
1,1
2
-17,-174.471,0
-17,-237.701,0
2
-28.5,-174.228,0
-30.25,-237.908,0
2
-5.5,-174.715,0
-3.75,-237.494,0
009814009843
3,3
009814,009843
1,1
2
-16.71,-161.475,0
-9.74181,-4.69066,0
2
-5.20944,-161.718,0
3.58227,-3.31812,0
2
-28.2105,-161.231,0
-23.0659,-6.0632,0
009814011374
0,1
009814,011374
1,1
2
-3.43737,-168.251,0
86.2741,-169.912,0
2
-3.49843,-171.001,0
86.3475,-172.664,0
2
-3.3763,-165.502,0
86.2007,-167.161,0
009814020032
1,1
009814,020032
1,0
2
-30.3995,-167.681,0
-57.0006,-167.048,0
2
-30.2996,-163.182,0
-56.8935,-162.549,0
2
-30.4994,-172.18,0
-57.1077,-171.546,0
009818009821
3,3
009818,009821
1,1
2
-16.7895,-264.679,0
-16.0959,-309.766,0
2
-28.2881,-264.859,0
-27.5932,-310.033,0
2
-5.29095,-264.5,0
-4.59864,-309.5,0
009818011375
1,1
009818,011375
1,1
2
-1.71539,-251,0
89.1987,-251,0
2
-1.68078,-255.5,0
89.3166,-255.5,0
2
-1.75,-246.5,0
89.0808,-246.5,0
009818011387
2,4
009818,011387
1,1
2
-32.161,-251.474,0
-76,-252,0
2
-32.2495,-239.971,0
-76,-239,0
2
-32.0726,-262.977,0
-76,-265,0
009821011376
2,0
009821,011376
1,1
2
-0.708686,-316,0
90.2592,-316,0
2
-0.604489,-320.5,0
90.3379,-320.5,0
2
-0.812883,-311.5,0
90.1804,-311.5,0
009821020051
3,4
009821,020051
1,1
2
-15.7895,-322.806,0
-13.0618,-411.001,0
2
-29.0364,-323.113,0
-26.3087,-411.306,0
2
-2.54266,-322.499,0
0.185069,-410.696,0
009823011377
0,1
009823,011377
0,1
2
103.904,-665.002,0
100.311,-590.45,0
2
106.651,-664.87,0
103.058,-590.33,0
2
101.157,-665.135,0
97.5635,-590.57,0
009840009846
3,3
009840,009846
1,1
2
-11.5573,-488.563,0
-7.30107,-580.497,0
2
-23.0412,-489.175,0
-18.7989,-580.81,0
2
-0.0733041,-487.951,0
4.19675,-580.184,0
009840011360
1,0
009840,011360
1,1
2
3.27096,-477.612,0
93.2559,-469.431,0
2
3.35554,-480.365,0
93.3069,-472.188,0
2
3.18638,-474.858,0
93.2049,-466.675,0
009840020051
3,4
009840,020051
1,1
2
-12.159,-468.505,0
-12.9697,-415,0
2
1.0818,-467.799,0
0.277197,-414.695,0
2
-25.3998,-469.21,0
-26.2166,-415.305,0
009843009915
2,2
009843,009915
1,1
2
-6.20237,27.0872,0
46.6349,312.031,0
2
3.90694,28.1286,0
54.4282,310.181,0
2
-16.3117,26.0458,0
38.8416,313.881,0
009843011378
3,3
009843,011378
1,1
2
7.17576,12.3335,0
83.4213,13.9056,0
2
5.65637,-0.950623,0
83.4381,2.4035,0
2
8.69516,25.6177,0
83.4045,25.4077,0
009846011370
3,3
009846,011370
1,1
2
-6.67308,-593.484,0
-1.33762,-699.304,0
2
-18.1719,-593.797,0
-12.8395,-699.556,0
2
4.82574,-593.171,0
10.1643,-699.052,0
009846011377
0,2
009846,011377
1,1
2
6.50679,-586.621,0
95.3206,-584.131,0
2
6.72419,-591.117,0
95.4681,-588.629,0
2
6.28939,-582.126,0
95.1732,-579.634,0
009867009883
3,3
009867,009883
1,1
2
-0.945306,-795.481,0
0.873284,-1010.98,0
2
-12.4456,-795.5,0
-12.3762,-1011.1,0
2
10.5549,-795.463,0
14.1228,-1010.87,0
009867011370
3,3
009867,011370
1,1
2
-1,-782.481,0
-1,-712.302,0
2
10.5,-782.463,0
10.5,-712.05,0
2
-12.5,-782.5,0
-12.5,-712.554,0
009867020029
1,1
009867,020029
1,1
2
12.5191,-788.956,0
301.449,-788.015,0
2
12.5381,-793.456,0
301.711,-792.514,0
2
12.5001,-784.456,0
301.187,-783.516,0
009883011413
3,3
009883,011413
1,1
2
-18.9836,-1026.81,0
-219,-1035,0
2
-19.5203,-1013.57,0
-219,-1022,0
2
-18.4469,-1040.05,0
-219,-1048,0
009883011414
3,4
009883,011414
1,1
2
16.0158,-1026.14,0
106,-1026,0
2
15.8919,-1039.39,0
106,-1040,0
2
16.1396,-1012.89,0
106,-1012,0
009883020010
1,0
009883,020010
1,1
2
10.3675,-1043.67,0
44.0404,-1107.19,0
2
7.93783,-1044.96,0
41.3243,-1107.94,0
2
12.7972,-1042.38,0
46.7564,-1106.44,0
009915009983
2,2
009915,009983
1,1
2
47.5588,315.923,0
79.7443,426.679,0
2
55.3521,314.073,0
87.3392,424.146,0
2
39.7655,317.773,0
72.1494,429.212,0
009970020010
0,1
009970,020010
0,1
2
46.9001,-1147,0
45.1023,-1111.05,0
2
49.6467,-1146.87,0
47.8184,-1110.3,0
2
44.1536,-1147.14,0
42.3863,-1111.79,0
009983010088
2,2
009983,010088
1,1
2
84.3446,439.859,0
153.187,622.198,0
2
91.9395,437.326,0
160.654,619.327,0
2
76.7498,442.392,0
145.72,625.068,0
009983020015
1,1
009983,020015
1,1
2
91.734,430.951,0
295.525,430.02,0
2
90.2355,426.458,0
295.515,425.52,0
2
93.2325,435.444,0
295.535,434.52,0
010088011399
2,1
010088,011399
1,1
2
157.793,634.136,0
172.119,670.748,0
2
163.626,631.894,0
177.953,668.506,0
2
151.959,636.379,0
166.285,672.99,0
010088020018
0,1
010088,020018
1,1
2
165.685,627.378,0
265.809,630.922,0
2
164.613,624.589,0
267.141,628.218,0
2
166.758,630.168,0
264.476,633.627,0
010209010240
0,1
010209,010240
1,1
2
323.163,883.569,0
328.612,669.275,0
2
320.411,883.614,0
325.861,669.25,0
2
325.916,883.525,0
331.362,669.301,0
010209011396
1,1
010209,011396
1,1
2
316.524,890.29,0
262.56,892.706,0
2
316.437,894.798,0
264.064,897.143,0
2
316.611,885.782,0
261.057,888.269,0
010209020020
1,1
010209,020020
1,0
2
322.913,896.636,0
322.026,964,0
2
327.414,896.563,0
326.526,964.059,0
2
318.411,896.708,0
317.527,963.941,0
010209020021
1,1
010209,020021
1,0
2
329.526,890.082,0
401,890.975,0
2
329.613,885.582,0
401.056,886.475,0
2
329.439,894.581,0
400.944,895.475,0
010240010248
0,1
010240,010248
1,1
2
329,638.79,0
329,436.504,0
2
324.5,638.748,0
326.25,436.5,0
2
333.5,638.832,0
331.75,436.509,0
010240010859
4,3
010240,010859
1,1
2
335.331,654.118,0
634.539,659.711,0
2
335.5,640.869,0
634.572,646.459,0
2
335.163,667.368,0
634.506,672.963,0
010240020022
3,4
010240,020022
1,1
2
322.331,654,0
287,654,0
2
322.163,667.25,0
286.702,667.25,0
2
322.5,640.75,0
287.298,640.75,0
010248010873
1,1
010248,010873
1,1
2
333.729,430.015,0
631.805,430.952,0
2
333.707,425.515,0
631.792,426.452,0
2
333.75,434.515,0
631.818,435.452,0
010248020015
1,1
010248,020015
1,1
2
324.228,430,0
305.036,430,0
2
324.25,434.5,0
305.046,434.5,0
2
324.207,425.5,0
305.025,425.5,0
010274010276
1,0
010274,010276
1,1
2
332.911,-177.437,0
332.028,-241,0
2
330.162,-177.308,0
329.278,-240.963,0
2
335.659,-177.567,0
334.778,-241.037,0
010274010584
1,0
010274,010584
1,1
2
337.674,-171.107,0
459.209,-173.89,0
2
337.714,-173.859,0
459.229,-176.641,0
2
337.633,-168.355,0
459.189,-171.139,0
010274020023
1,1
010274,020023
1,1
2
328.111,-170.651,0
310.024,-169.359,0
2
328.045,-166.135,0
310.238,-164.863,0
2
328.177,-175.167,0
309.81,-173.855,0
010276010278
1,0
010276,010278
1,1
2
331.974,-245,0
331.086,-313.413,0
2
329.224,-244.963,0
328.337,-313.272,0
2
334.724,-245.037,0
333.834,-313.554,0
010278010583
2,0
010278,010583
1,1
2
335.809,-320.109,0
458.293,-322.893,0
2
335.812,-324.611,0
458.306,-327.394,0
2
335.807,-315.608,0
458.279,-318.392,0
010278011383
1,0
010278,011383
1,1
2
331.091,-326.442,0
332.972,-460,0
2
328.338,-326.301,0
330.222,-460.007,0
2
333.843,-326.583,0
335.722,-459.993,0
010278020025
0,2
010278,020025
1,1
2
326.31,-319.625,0
310.732,-318.379,0
2
326.308,-315.11,0
310.748,-313.865,0
2
326.313,-324.139,0
310.716,-322.892,0
010286010582
0,2
010286,010582
1,1
2
336.827,-572.604,0
461.229,-562.392,0
2
336.863,-577.116,0
461.257,-566.904,0
2
336.791,-568.092,0
461.201,-557.879,0
010286011371
1,0
010286,011371
1,1
2
332.159,-579.347,0
334.883,-688.309,0
2
329.409,-579.414,0
330.384,-688.401,0
2
334.908,-579.28,0
339.382,-688.217,0
010286011383
0,1
010286,011383
1,1
2
332.06,-566.322,0
332.982,-464,0
2
334.811,-566.255,0
335.732,-463.993,0
2
329.309,-566.389,0
330.232,-464.007,0
010286020027
2,0
010286,020027
1,1
2
327.323,-572.844,0
306.869,-572.162,0
2
327.287,-568.34,0
306.875,-567.66,0
2
327.359,-577.348,0
306.864,-576.665,0
010298010315
1,0
010298,010315
1,1
2
335.862,-793.552,0
336,-1010,0
2
333.11,-793.598,0
332,-1010,0
2
338.613,-793.506,0
340,-1010,0
010298010581
1,1
010298,010581
1,1
2
340.679,-787,0
460.311,-787,0
2
340.655,-791.5,0
460.325,-791.5,0
2
340.702,-782.5,0
460.297,-782.5,0
010298011371
0,1
010298,011371
1,1
2
335.931,-780.545,0
335.051,-697.786,0
2
338.681,-780.5,0
337.8,-697.73,0
2
333.182,-780.591,0
332.301,-697.842,0
010298020029
1,1
010298,020029
1,1
2
331.176,-787.161,0
310.968,-787.834,0
2
331.2,-782.658,0
310.706,-783.341,0
2
331.152,-791.664,0
311.229,-792.328,0
010305010315
0,1
010305,010315
0,1
2
343.64,-1093.03,0
338,-1038,0
2
346.345,-1092.54,0
340,-1038,0
2
340.935,-1093.53,0
336,-1038,0
010315010580
3,3
010315,010580
1,1
2
344,-1024,0
462.404,-1025.9,0
2
344,-1036,0
462.5,-1037.41,0
2
344,-1012,0
462.308,-1014.4,0
010315011414
3,2
010315,011414
1,1
2
306,-1024,0
110,-1027.5,0
2
306,-1012,0
110,-1015,0
2
306,-1036,0
110,-1040,0
010315020029
1,0
010315,020029
1,1
2
311,-1010,0
306.683,-794.452,0
2
313,-1010,0
309.444,-794.401,0
2
309,-1010,0
303.923,-794.502,0
010315020031
0,1
010315,020031
1,0
2
312.5,-1038,0
311.535,-1094.07,0
2
309,-1038,0
308.886,-1093.34,0
2
316,-1038,0
314.185,-1094.81,0
010580010581
1,0
010580,010581
1,1
2
468.745,-1010.74,0
465.109,-793.5,0
2
471.495,-1010.76,0
467.859,-793.5,0
2
465.994,-1010.71,0
462.358,-793.5,0
010580010591
1,1
010580,010591
1,0
2
469,-1041.23,0
469,-1096,0
2
464.5,-1041.18,0
464.5,-1096,0
2
473.5,-1041.27,0
473.5,-1096,0
010580010886
4,2
010580,010886
1,1
2
475.389,-1026.03,0
643.431,-1026.94,0
2
475.5,-1039.29,0
643.472,-1038.44,0
2
475.278,-1012.78,0
643.391,-1015.44,0
010581010896
1,1
010581,010896
1,1
2
469.812,-787,0
647.971,-787,0
2
469.826,-791.5,0
647.943,-791.5,0
2
469.798,-782.5,0
647.999,-782.5,0
010581011372
1,0
010581,011372
1,1
2
465.068,-780.5,0
465.95,-696.747,0
2
467.819,-780.5,0
468.7,-696.722,0
2
462.318,-780.5,0
463.2,-696.772,0
010582010583
1,0
010582,010583
1,1
2
465.918,-555.48,0
463.081,-329.486,0
2
468.665,-555.245,0
465.832,-329.532,0
2
463.171,-555.714,0
460.331,-329.44,0
010582010893
0,2
010582,010893
1,1
2
470.714,-561.583,0
646.204,-546.044,0
2
470.743,-566.098,0
646.276,-550.556,0
2
470.686,-557.067,0
646.133,-541.533,0
010582011372
0,1
010582,011372
1,1
2
466,-568.51,0
466,-687.246,0
2
463.25,-568.744,0
463.25,-687.271,0
2
468.75,-568.275,0
468.75,-687.221,0
010583010584
1,0
010583,010584
1,1
2
463.044,-316.483,0
463.968,-178.704,0
2
465.793,-316.529,0
466.718,-178.721,0
2
460.294,-316.437,0
461.218,-178.687,0
010583010894
2,0
010583,010894
1,1
2
467.794,-323.051,0
637.563,-324.857,0
2
467.807,-327.551,0
637.635,-329.358,0
2
467.78,-318.551,0
637.492,-320.356,0
010584010890
1,0
010584,010890
1,1
2
468.711,-173.95,0
637.5,-172.144,0
2
468.732,-176.7,0
637.5,-174.895,0
2
468.691,-171.2,0
637.5,-169.394,0
010584011365
1,0
010584,011365
1,1
2
463.897,-169.202,0
460.288,-0.476541,0
2
466.648,-169.218,0
463.039,-0.47178,0
2
461.146,-169.185,0
457.538,-0.481302,0
010852010886
2,2
010852,010886
0,1
2
663.961,-1485,0
655.262,-1040.39,0
2
673.709,-1484.81,0
665.013,-1040.33,0
2
654.213,-1485.19,0
645.511,-1040.45,0
010859010866
2,2
010859,010866
1,0
2
649.728,675.02,0
641.036,1155,0
2
659.48,674.975,0
650.785,1155.18,0
2
639.976,675.066,0
631.288,1154.82,0
010859010873
3,3
010859,010873
1,1
2
649.796,644.435,0
647.151,442.526,0
2
636.546,644.497,0
633.882,441.175,0
2
663.046,644.373,0
660.42,443.877,0
010859020126
2,4
010859,020126
1,1
2
665.067,659.578,0
755,657,0
2
665.096,648.072,0
755,645,0
2
665.038,671.083,0
755,669,0
010873010884
3,3
010873,010884
1,1
2
647.064,422.183,0
649.891,33.9632,0
2
633.824,420.835,0
636.643,33.5865,0
2
660.305,423.531,0
663.139,34.3399,0
010873020009
1,2
010873,020009
1,1
2
662.36,434.111,0
724.028,446.601,0
2
662.336,425.944,0
724.602,440.34,0
2
662.384,442.278,0
723.454,452.861,0
010884020033
3,4
010884,020033
1,1
2
634.754,18.2221,0
553.998,14.1019,0
2
634.659,31.4845,0
553.588,27.3483,0
2
634.848,4.95973,0
554.408,0.8556,0
010884020034
2,3
010884,020034
1,1
2
650.109,3.47797,0
650.986,-122,0
2
638.611,3.151,0
641.236,-122.034,0
2
661.607,3.80494,0
660.736,-121.966,0
010884020127
3,4
010884,020127
1,1
2
665.247,19.0897,0
818,19.9882,0
2
665.342,5.84002,0
818.093,6.73855,0
2
665.153,32.3394,0
817.907,33.2379,0
010886010896
2,2
010886,010896
1,1
2
655.17,-1013.38,0
657.918,-793.55,0
2
664.922,-1013.32,0
665.918,-793.6,0
2
645.419,-1013.44,0
649.918,-793.5,0
010886020133
2,3
010886,020133
1,1
2
666.937,-1026.79,0
767,-1025,0
2
666.978,-1038.29,0
767,-1037,0
2
666.897,-1015.29,0
767,-1013,0
010890010894
3,3
010890,010894
1,1
2
651,-176.812,0
651,-318.675,0
2
639.5,-176.873,0
639.5,-318.375,0
2
662.5,-176.75,0
662.5,-318.975,0
010890011101
1,0
010890,011101
1,0
2
664.5,-172,0
824,-172,0
2
664.5,-174.75,0
824,-174.75,0
2
664.5,-169.25,0
824,-169.25,0
010890020034
2,2
010890,020034
1,1
2
651,-167.293,0
651,-126,0
2
659,-167.25,0
659,-125.972,0
2
643,-167.335,0
643,-126.028,0
010893010894
2,3
010893,010894
1,1
2
657.806,-538.889,0
651.213,-331.689,0
2
667.546,-538.42,0
662.728,-331.989,0
2
648.066,-539.358,0
639.697,-331.388,0
010893011373
2,2
010893,011373
1,1
2
658,-551.842,0
658,-685.333,0
2
650,-552.227,0
650,-685.333,0
2
666,-551.457,0
666,-685.333,0
010893020121
0,2
010893,020121
1,1
2
669.68,-544.908,0
1028,-542.079,0
2
669.751,-549.407,0
1028.04,-546.579,0
2
669.608,-540.408,0
1027.96,-537.579,0
010894020115
2,0
010894,020115
1,1
2
664.593,-325.565,0
1025.98,-340.584,0
2
664.664,-330.072,0
1026.04,-345.09,0
2
664.521,-321.058,0
1025.92,-336.077,0
010896011373
2,2
010896,011373
1,1
2
658,-780.55,0
658,-694.833,0
2
666,-780.6,0
666,-694.833,0
2
650,-780.5,0
650,-694.833,0
011100020114
1,1
011100,020114
0,1
2
1186.5,-85.0633,0
1154.65,38.4907,0
2
1190.86,-83.9399,0
1158.08,43.2041,0
2
1182.14,-86.1867,0
1151.21,33.7774,0
011102020115
0,1
011102,020115
0,1
2
1237,-350.902,0
1046,-341.492,0
2
1237.14,-348.155,0
1045.96,-338.737,0
2
1236.87,-353.648,0
1046.03,-344.248,0
011105020121
2,0
011105,020121
0,1
2
1238,-542.99,0
1048,-542.049,0
2
1238.02,-538.49,0
1047.96,-537.549,0
2
1237.98,-547.49,0
1048.04,-546.55,0
011114020123
2,2
011114,020123
0,1
2
1724,-1031.97,0
1039,-1022.28,0
2
1724.11,-1023.97,0
1039.14,-1012.53,0
2
1723.89,-1039.97,0
1038.86,-1032.03,0
011341020104
1,1
011341,020104
0,1
2
1313,442.008,0
1085.44,442.973,0
2
1313.02,446.508,0
1085.46,447.473,0
2
1312.98,437.509,0
1085.43,438.473,0
011347020102
2,2
011347,020102
0,1
2
1697,652.016,0
1082.33,656.957,0
2
1697.06,660.016,0
1080.87,664.969,0
2
1696.94,644.016,0
1083.79,648.945,0
011348011349
1,1
011348,011349
1,1
2
-309.799,-395.15,0
-328.832,-395.745,0
2
-309.87,-390.65,0
-328.867,-391.244,0
2
-309.729,-399.65,0
-328.796,-400.246,0
011348011350
1,0
011348,011350
1,1
2
-305.174,-388.544,0
-305.873,-362.711,0
2
-302.425,-388.501,0
-303.123,-362.673,0
2
-307.924,-388.587,0
-308.623,-362.749,0
011348020045
1,1
011348,020045
1,1
2
-300.3,-395,0
-257.876,-395,0
2
-300.23,-399.5,0
-258.001,-399.5,0
2
-300.37,-390.5,0
-257.751,-390.5,0
011349011353
1,1
011349,011353
1,1
2
-337.174,-389.397,0
-337.866,-363.074,0
2
-332.673,-389.361,0
-333.373,-362.751,0
2
-341.674,-389.432,0
-342.36,-363.397,0
011350011353
0,1
011350,011353
1,1
2
-310.715,-358,0
-331.595,-358,0
2
-310.753,-355.25,0
-331.792,-355.25,0
2
-310.677,-360.75,0
-331.397,-360.75,0
011350020036
1,0
011350,020036
1,1
2
-301.216,-357.867,0
-272.789,-357.077,0
2
-301.177,-360.617,0
-270.039,-359.752,0
2
-301.254,-355.117,0
-275.539,-354.403,0
011351011352
1,0
011351,011352
1,1
2
-206,-474.817,0
-206,-344.828,0
2
-203.25,-474.69,0
-203.25,-347.578,0
2
-208.75,-474.945,0
-208.75,-342.078,0
011351020042
1,1
011351,020042
1,1
2
-200.961,-482.893,0
-163.549,-482.097,0
2
-200.671,-489.138,0
-163.394,-486.595,0
2
-201.25,-476.648,0
-163.704,-477.599,0
011352011405
1,0
011352,011405
1,1
2
-203.172,-342,0
-151.03,-342,0
2
-200.422,-344.75,0
-150.553,-344.75,0
2
-205.922,-339.25,0
-151.506,-339.25,0
011353020048
1,1
011353,020048
1,1
2
-338.519,-353.584,0
-343.393,-312.162,0
2
-334.026,-353.262,0
-338.922,-311.65,0
2
-343.013,-353.907,0
-347.864,-312.673,0
011356011359
1,1
011356,011359
1,1
2
-294.133,-241.344,0
-278.213,-226.116,0
2
-291.058,-244.631,0
-275.047,-229.316,0
2
-297.207,-238.058,0
-281.378,-222.917,0
011356011384
1,1
011356,011384
1,1
2
-301.339,-248.14,0
-344.345,-287.486,0
2
-304.414,-244.854,0
-349.07,-285.709,0
2
-298.265,-251.427,0
-339.62,-289.262,0
011356020039
0,1
011356,020039
1,1
2
-292.817,-248.904,0
-236.499,-275.356,0
2
-294.979,-250.927,0
-237.021,-278.15,0
2
-290.655,-246.882,0
-235.977,-272.563,0
011357011358
1,0
011357,011358
1,1
2
-148.58,-275.741,0
-156.22,-298.661,0
2
-151.541,-275.927,0
-158.202,-295.911,0
2
-145.62,-275.556,0
-154.238,-301.411,0
011357011385
0,1
011357,011385
1,1
2
-143.157,-270.786,0
-131.065,-270.115,0
2
-142.985,-273.531,0
-130.191,-272.82,0
2
-143.329,-268.042,0
-131.939,-267.409,0
011357020039
1,0
011357,020039
1,1
2
-153.076,-271.424,0
-226.462,-276.544,0
2
-153.248,-268.679,0
-225.941,-273.751,0
2
-152.904,-274.169,0
-226.984,-279.337,0
011358011409
1,0
011358,011409
1,1
2
-159.465,-301,0
-267.172,-301,0
2
-161.447,-298.25,0
-269.922,-298.25,0
2
-157.483,-303.75,0
-264.422,-303.75,0
011359011386
1,0
011359,011386
1,1
2
-269.618,-226.575,0
-220.901,-246.233,0
2
-271.747,-228.682,0
-221.357,-249.014,0
2
-267.489,-224.469,0
-220.444,-243.452,0
011359011401
1,1
011359,011401
1,1
2
-271.176,-219.064,0
-234.811,-181.853,0
2
-268.011,-222.264,0
-234.182,-187.648,0
2
-274.342,-215.865,0
-235.439,-176.058,0
011360011376
0,1
011360,011376
1,1
2
97.874,-462.574,0
95.1277,-322.513,0
2
100.621,-462.399,0
97.8785,-322.526,0
2
95.1269,-462.75,0
92.3769,-322.501,0
011360011377
1,0
011360,011377
1,1
2
98.1143,-475.574,0
99.8861,-577.453,0
2
95.367,-475.749,0
97.1378,-577.573,0
2
100.862,-475.398,0
102.634,-577.333,0
011360020052
1,1
011360,020052
1,1
2
102.741,-468.824,0
199.616,-465.236,0
2
102.824,-473.324,0
199.791,-469.733,0
2
102.657,-464.324,0
199.442,-460.74,0
011362011405
0,1
011362,011405
1,1
2
-139.835,-338.727,0
-147.088,-341.317,0
2
-148.628,-338.947,0
-147.565,-338.567,0
2
-131.042,-338.506,0
-146.612,-344.067,0
011362011406
0,1
011362,011406
1,1
2
-140.23,-326.506,0
-147.058,-324.555,0
2
-131.027,-326.275,0
-146.673,-321.805,0
2
-149.434,-326.736,0
-147.443,-327.305,0
011362020038
0,1
011362,020038
1,1
2
-140.666,-332.678,0
-148.001,-332.931,0
2
-140.755,-329.93,0
-148.037,-330.181,0
2
-140.577,-335.427,0
-147.965,-335.681,0
011362020100
3,0
011362,020100
1,0
2
-121,-332,0
-58.9998,-331.031,0
2
-120.798,-338.248,0
-58.9021,-337.28,0
2
-121.202,-325.752,0
-59.0974,-324.782,0
011364011386
0,1
011364,011386
1,1
2
-135.048,-242.119,0
-216.954,-246.881,0
2
-134.579,-239.337,0
-216.497,-244.1,0
2
-135.518,-244.901,0
-217.41,-249.662,0
011365020033
3,3
011365,020033
1,1
2
464.976,13.0541,0
532.001,13.7826,0
2
464.996,1.55362,0
532.357,2.28581,0
2
464.956,24.5545,0
531.646,25.2794,0
011368020001
2,2
011368,020001
1,1
2
-724.953,-274.976,0
-723.047,-193,0
2
-716.926,-273.903,0
-715.046,-193.052,0
2
-732.98,-276.049,0
-731.047,-192.947,0
011369011370
2,0
011369,011370
1,1
2
-639.235,-708.946,0
-14.6258,-706.063,0
2
-639.263,-713.446,0
-14.5124,-710.562,0
2
-639.208,-704.446,0
-14.7392,-701.563,0
011369020014
1,1
011369,020014
1,0
2
-662.737,-709,0
-711,-709,0
2
-662.709,-704.5,0
-711,-704.5,0
2
-662.764,-713.5,0
-711,-713.5,0
011370020028
0,1
011370,020028
1,1
2
12.4294,-705.473,0
300.233,-694.187,0
2
12.4986,-708.223,0
300.282,-696.937,0
2
12.3601,-702.724,0
300.185,-691.437,0
011371011372
1,0
011371,011372
1,1
2
341.481,-692.951,0
461.235,-692.036,0
2
341.53,-695.7,0
461.221,-694.787,0
2
341.432,-690.201,0
461.25,-689.286,0
011371020028
1,0
011371,020028
1,1
2
328.483,-693.217,0
309.729,-693.842,0
2
328.434,-690.467,0
309.68,-691.092,0
2
328.532,-695.967,0
309.777,-696.592,0
011372011373
1,0
011372,011373
1,1
2
470.736,-691.951,0
648,-690.104,0
2
470.721,-694.701,0
648,-692.854,0
2
470.75,-689.2,0
648,-687.354,0
011374011375
1,0
011374,011375
1,1
2
91.1746,-174.714,0
93.7565,-244.426,0
2
88.4222,-174.701,0
91.0074,-244.501,0
2
93.927,-174.727,0
96.5056,-244.35,0
011374011378
0,1
011374,011378
1,1
2
90.9219,-165.212,0
88.221,0.442438,0
2
93.6725,-165.225,0
90.9713,0.446452,0
2
88.1714,-165.199,0
85.4707,0.438425,0
011374011380
0,1
011374,011380
1,1
2
95.7787,-169.957,0
198.235,-169.043,0
2
95.852,-172.707,0
198.25,-171.793,0
2
95.7054,-167.208,0
198.22,-166.293,0
011375011376
1,0
011375,011376
1,1
2
94.0989,-257.427,0
94.9002,-309.512,0
2
91.3497,-257.503,0
92.1497,-309.5,0
2
96.848,-257.352,0
97.6507,-309.525,0
011375011381
1,1
011375,011381
1,1
2
98.6971,-250.741,0
198.283,-245.26,0
2
98.8151,-255.242,0
198.315,-249.765,0
2
98.5792,-246.241,0
198.252,-240.755,0
011376011382
2,0
011376,011382
1,1
2
99.7607,-316.044,0
197.498,-316.94,0
2
99.8394,-320.545,0
197.56,-321.441,0
2
99.6819,-311.543,0
197.437,-312.44,0
011377020027
0,2
011377,020027
1,1
2
104.814,-583.714,0
297.361,-572.276,0
2
104.961,-588.213,0
297.356,-576.784,0
2
104.666,-579.215,0
297.367,-567.767,0
011378011379
3,3
011378,011379
1,1
2
92.922,13.9129,0
196.385,12.0817,0
2
92.9388,2.41079,0
196.376,0.580032,0
2
92.9052,25.415,0
196.394,23.5833,0
011379011380
0,1
011379,011380
1,1
2
201.149,-1.4574,0
202.948,-164.262,0
2
198.399,-1.45524,0
200.198,-164.275,0
2
203.899,-1.45956,0
205.698,-164.25,0
011380011381
0,1
011380,011381
1,1
2
203,-173.762,0
203,-238.528,0
2
200.25,-173.775,0
200.25,-238.644,0
2
205.75,-173.75,0
205.75,-238.413,0
011380020023
0,1
011380,020023
1,1
2
207.735,-169,0
300.401,-169,0
2
207.75,-171.75,0
300.27,-171.75,0
2
207.72,-166.25,0
300.532,-166.25,0
011381011382
0,1
011381,011382
1,1
2
203.091,-251.538,0
203.91,-310.5,0
2
200.342,-251.654,0
201.159,-310.474,0
2
205.839,-251.423,0
206.66,-310.526,0
011381020024
1,1
011381,020024
1,1
2
207.78,-244.861,0
301.22,-242.139,0
2
207.811,-249.362,0
301.251,-246.64,0
2
207.748,-240.36,0
301.189,-237.638,0
011382020025
2,0
011382,020025
1,1
2
210.5,-317.064,0
301.236,-317.953,0
2
210.562,-321.565,0
301.22,-322.453,0
2
210.438,-312.563,0
301.252,-313.453,0
011382020052
1,1
011382,020052
1,1
2
204.088,-323.502,0
205.912,-458.491,0
2
199.587,-323.459,0
201.414,-458.666,0
2
208.589,-323.545,0
210.41,-458.317,0
011384020048
1,1
011384,020048
1,1
2
-345.752,-291.23,0
-344.478,-302.698,0
2
-350.477,-289.454,0
-348.949,-303.209,0
2
-341.027,-293.006,0
-340.007,-302.187,0
011388011403
1,1
011388,011403
0,1
2
-104.028,-130,0
-104.91,-193.536,0
2
-108.527,-129.937,0
-109.411,-193.546,0
2
-99.5282,-130.062,0
-100.41,-193.525,0
011390011391
2,2
011390,011391
1,1
2
-374.301,-184.176,15
-325.653,-217.856,10
2
-380.562,-189.572,15
-329.548,-224.889,10
2
-368.04,-178.781,15
-321.758,-210.822,10
011392020008
1,0
011392,020008
1,1
2
-461.239,-38.9951,0
-468.758,23.9716,0
2
-458.554,-38.2898,0
-465.959,23.7294,0
2
-463.925,-39.7003,0
-471.556,24.2137,0
011393020007
0,1
011393,020007
1,1
2
-433.332,-37.0063,0
-443.67,25.0211,0
2
-430.686,-36.1582,0
-440.993,25.6861,0
2
-435.979,-37.8544,0
-446.347,24.3562,0
011395020005
4,3
011395,020005
1,1
2
210,651.965,10
42,649,15
2
209.708,665.212,10
42,662,15
2
210.292,638.718,10
42,636,15
011395020022
4,4
011395,020022
1,1
2
213.999,652.053,10
268.341,653.502,0
2
214.33,637.057,10
268.679,638.506,0
2
213.669,667.05,10
268.004,668.499,0
011396011399
1,1
011396,011399
1,1
2
254.088,887.931,0
180.06,691.713,0
2
249.823,889.376,0
175.859,693.327,0
2
258.352,886.486,0
184.26,690.098,0
011396020019
1,1
011396,020019
1,0
2
258.29,900.598,0
277.423,964.085,0
2
262.554,899.153,0
281.731,962.787,0
2
254.025,902.043,0
273.114,965.384,0
011399020017
1,0
011399,020017
1,1
2
181.747,673.184,0
265.802,674.954,0
2
180.682,670.411,0
264.605,672.178,0
2
182.813,675.957,0
266.999,677.73,0
011401011402
1,1
011401,011402
1,1
2
-230.834,-181.421,0
-202.748,-199.853,0
2
-230.205,-187.216,0
-204.071,-204.367,0
2
-231.463,-175.626,0
-201.425,-195.339,0
011402011403
1,1
011402,011403
1,1
2
-198.909,-200.978,0
-111.428,-200.067,0
2
-200.233,-205.492,0
-111.418,-204.567,0
2
-197.586,-196.464,0
-111.438,-195.567,0
011406011407
0,1
011406,011407
1,1
2
-151.02,-324,0
-267.172,-324,0
2
-150.634,-321.25,0
-264.422,-321.25,0
2
-151.405,-326.75,0
-269.922,-326.75,0
011407011409
0,1
011407,011409
1,1
2
-270,-321.172,0
-270,-303.828,0
2
-267.25,-318.422,0
-267.25,-306.578,0
2
-272.75,-323.922,0
-272.75,-301.078,0
011413020004
2,3
011413,020004
1,1
2
-223,-1034,0
-554,-1040.5,0
2
-223,-1022,0
-554,-1029,0
2
-223,-1046,0
-554,-1052,0
020009020103
1,1
020009,020103
1,1
2
736.145,446.827,0
1008.43,442.197,0
2
736.558,442.32,0
1008.59,437.693,0
2
735.731,451.335,0
1008.27,446.7,0
020017020022
1,0
020017,020022
1,1
2
269.475,673.37,0
273.582,668.831,0
2
268.278,670.594,0
269.917,668.782,0
2
270.672,676.146,0
277.246,668.879,0
020018020022
0,1
020018,020022
1,1
2
269.397,632.691,0
274.262,638.581,0
2
270.729,629.986,0
277.869,638.629,0
2
268.064,635.395,0
270.656,638.533,0
020023020024
0,1
020023,020024
1,1
2
305.091,-175.616,0
305.912,-235.561,0
2
302.339,-175.518,0
303.162,-235.58,0
2
307.842,-175.715,0
308.662,-235.542,0
020024020025
0,1
020024,020025
1,1
2
306,-248.563,0
306,-311.582,0
2
303.25,-248.582,0
303.25,-311.459,0
2
308.75,-248.544,0
308.75,-311.705,0
020025020026
0,1
020025,020026
1,1
2
305.954,-324.608,0
305.044,-454.653,0
2
303.205,-324.485,0
302.295,-454.606,0
2
308.703,-324.731,0
307.794,-454.7,0
020026020027
0,1
020026,020027
1,1
2
304.82,-467.666,0
302.173,-565.612,0
2
302.07,-467.619,0
299.421,-565.648,0
2
307.57,-467.713,0
304.925,-565.576,0
020026020052
1,1
020026,020052
1,1
2
300.202,-461.194,0
212.61,-464.733,0
2
300.279,-456.687,0
212.436,-460.236,0
2
300.126,-465.701,0
212.784,-469.23,0
020027020028
0,1
020027,020028
1,1
2
302.163,-578.633,0
304.883,-689.259,0
2
299.413,-578.669,0
302.135,-689.359,0
2
304.913,-578.597,0
307.632,-689.16,0
020028020029
0,1
020028,020029
1,1
2
305.051,-698.759,0
305.93,-781.459,0
2
302.302,-698.859,0
303.181,-781.51,0
2
307.8,-698.66,0
308.68,-781.409,0
020036020037
1,0
020036,020037
1,1
2
-270,-354.21,0
-270,-334.84,0
2
-267.25,-356.885,0
-267.25,-337.613,0
2
-272.75,-351.535,0
-272.75,-332.067,0
020037020038
1,0
020037,020038
1,1
2
-267.16,-332.024,0
-152,-332.983,0
2
-264.41,-334.797,0
-151.964,-335.734,0
2
-269.91,-329.251,0
-152.036,-330.233,0
020039020040
0,1
020039,020040
1,1
2
-231.207,-281.483,0
-227.897,-289.757,0
2
-234.408,-280.885,0
-229.759,-292.507,0
2
-228.006,-282.081,0
-226.035,-287.007,0
020040020041
0,1
020040,020041
1,0
2
-224.585,-292,0
-172,-292,0
2
-226.447,-294.75,0
-172,-294.75,0
2
-222.723,-289.25,0
-172,-289.25,0
020042020043
0,1
020042,020043
1,1
2
-158.933,-475.457,0
-158.029,-387.828,0
2
-156.181,-475.362,0
-155.308,-390.606,0
2
-161.684,-475.551,0
-160.751,-385.05,0
020043020044
0,1
020043,020044
1,0
2
-155.172,-385.029,0
-61.9999,-385.98,0
2
-152.45,-387.807,0
-62.028,-388.729,0
2
-157.893,-382.251,0
-61.9718,-383.23,0
020045020046
0,1
020045,020046
1,1
2
-253,-388.57,0
-253,-344.828,0
2
-250.25,-388.646,0
-250.25,-347.578,0
2
-255.75,-388.493,0
-255.75,-342.078,0
020046020047
0,1
020046,020047
1,0
2
-250.172,-342,0
-226,-342,0
2
-247.422,-344.75,0
-226,-344.75,0
2
-252.922,-339.25,0
-226,-339.25,0
020048020049
0,1
020048,020049
1,1
2
-337.47,-306.883,0
-290.803,-306.05,0
2
-337.156,-309.628,0
-288.053,-308.751,0
2
-337.784,-304.139,0
-293.553,-303.349,0
020049020050
0,1
020049,020050
1,0
2
-288,-303.196,0
-288,-286,0
2
-285.25,-305.898,0
-285.25,-286,0
2
-290.75,-300.495,0
-290.75,-286,0
020101020102
3,2
020101,020102
1,1
2
1032.62,656.207,0
1068.47,656.848,0
2
1032.71,646.457,0
1070.24,647.128,0
2
1032.53,665.957,0
1066.7,666.568,0
020101020103
2,2
020101,020103
1,1
2
1020.95,644.335,0
1020.03,448.665,0
2
1011.19,644.248,0
1010.28,448.666,0
2
1030.7,644.422,0
1029.78,448.665,0
020101020136
2,3
020101,020136
1,1
2
1009.12,656,0
921,656.5,0
2
1009.03,665.75,0
921,666,0
2
1009.2,646.25,0
921,647,0
020102020104
1,1
020102,020104
1,1
2
1077.11,645.222,0
1078.94,449.452,0
2
1072.61,645.2,0
1074.44,449.424,0
2
1081.61,645.245,0
1083.44,449.481,0
020102020105
1,1
020102,020105
1,0
2
1072.76,668.593,0
1032.69,778.122,0
2
1077.54,668.616,0
1036.91,779.668,0
2
1067.98,668.569,0
1028.46,776.576,0
020103020104
1,1
020103,020104
1,1
2
1031.93,442.202,0
1072.44,442.889,0
2
1032.09,437.704,0
1072.43,438.388,0
2
1031.77,446.7,0
1072.46,447.39,0
020103020106
2,2
020103,020106
1,1
2
1020.48,435.631,0
1031.8,285.861,0
2
1012.46,435.631,0
1023.82,285.275,0
2
1028.5,435.631,0
1039.78,286.448,0
020104020107
1,1
020104,020107
1,1
2
1078.89,436.45,0
1077.03,321.135,0
2
1074.39,436.422,0
1072.56,322.89,0
2
1083.4,436.479,0
1081.51,319.38,0
020106020107
1,1
020106,020107
1,1
2
1043.38,281.558,0
1075.57,317.411,0
2
1043.84,275.333,0
1080.05,315.657,0
2
1042.92,287.784,0
1071.1,319.166,0
020106020108
2,3
020106,020108
1,1
2
1033,270,0
1035.67,232.609,0
2
1023.28,269.285,0
1025.83,233.507,0
2
1042.72,270.715,0
1045.51,231.711,0
020108020110
1,1
020108,020110
1,0
2
1024.13,226.57,0
954.986,218.239,0
2
1023.96,231.082,0
954.447,222.707,0
2
1024.3,222.058,0
955.524,213.772,0
020108020111
1,1
020108,020111
1,0
2
1047.84,224.311,0
1156.09,190.595,0
2
1048.03,219.541,0
1154.75,186.298,0
2
1047.66,229.081,0
1157.43,194.891,0
020108020112
2,2
020108,020112
1,1
2
1036.05,219.135,0
1036.92,48.9805,0
2
1026.29,220.026,0
1027.18,48.0166,0
2
1045.8,218.245,0
1046.67,49.9445,0
020112020113
2,2
020112,020113
1,1
2
1036.69,18.2683,0
1033.04,-167,0
2
1028.67,17.4753,0
1025.04,-166.991,0
2
1044.71,19.0613,0
1041.04,-167.009,0
020112020114
1,1
020112,020114
1,1
2
1048.66,34.6975,0
1151.41,40.8452,0
2
1048.61,28.4336,0
1147.98,36.1319,0
2
1048.7,40.9615,0
1154.85,45.5586,0
020112020128
3,4
020112,020128
1,1
2
1025.1,32.3542,0
945,21,0
2
1025.2,45.7438,0
945,34,0
2
1025,18.9646,0
945,8,0
020113020115
2,2
020113,020115
1,1
2
1033.03,-171,0
1035.89,-334.524,0
2
1025.03,-170.991,0
1027.88,-334.16,0
2
1041.04,-171.009,0
1043.89,-334.887,0
020115020121
2,2
020115,020121
1,1
2
1036.07,-347.536,0
1037.94,-535.551,0
2
1028.06,-347.173,0
1029.94,-535.563,0
2
1044.07,-347.9,0
1045.94,-535.539,0
020121020122
2,2
020121,020122
1,1
2
1038.05,-548.552,0
1039.95,-785.89,0
2
1030.05,-548.563,0
1031.95,-785.558,0
2
1046.05,-548.54,0
1047.95,-786.223,0
020122020123
2,2
020122,020123
1,1
2
1039.37,-798.887,0
1020.2,-1008.82,0
2
1031.37,-798.555,0
1010.49,-1007.93,0
2
1047.37,-799.22,0
1029.91,-1009.71,0
020122020124
1,1
020122,020124
1,0
2
1049.77,-792.913,0
1252.01,-811.814,0
2
1049.59,-797.416,0
1251.59,-816.294,0
2
1049.96,-788.411,0
1252.43,-807.333,0
020123020125
1,1
020123,020125
1,0
2
1016.55,-1036.29,0
973.338,-1288.03,0
2
1012.11,-1035.53,0
968.903,-1287.27,0
2
1020.98,-1037.05,0
977.773,-1288.79,0
020123020130
1,0
020123,020130
1,1
2
1035.74,-1011.06,0
1043.25,-1006.14,0
2
1037.24,-1013.36,0
1044.06,-1008.9,0
2
1034.23,-1008.75,0
1042.44,-1003.39,0
020123020131
0,1
020123,020131
1,1
2
1034.83,-1034.23,0
1039.33,-1037.71,0
2
1033.14,-1036.4,0
1038.37,-1040.44,0
2
1036.51,-1032.05,0
1040.3,-1034.98,0
020123020134
2,4
020123,020134
1,1
2
1008.35,-1022.09,0
901,-1023,0
2
1008.25,-1010.59,0
901,-1011,0
2
1008.44,-1033.59,0
901,-1035,0
020126020135
2,3
020126,020135
1,1
2
759,658.5,0
824,655.5,0
2
759,648,0
824,645,0
2
759,669,0
824,666,0
020127020128
3,3
020127,020128
1,1
2
822,20.0163,0
941,21,0
2
822.081,8.51653,0
941,8,0
2
821.919,31.516,0
941,34,0
020129020130
0,1
020129,020130
0,1
2
1139,-1005.98,0
1047.09,-1005.02,0
2
1139.03,-1003.23,0
1046.28,-1002.26,0
2
1138.97,-1008.73,0
1047.9,-1007.78,0
020131020132
0,1
020131,020132
1,0
2
1043.11,-1039.04,0
1136,-1040.96,0
2
1042.14,-1041.77,0
1135.94,-1043.71,0
2
1044.07,-1036.31,0
1136.06,-1038.21,0
020133020134
2,2
020133,020134
1,1
2
771,-1025,0
897,-1023,0
2
771,-1036,0
897,-1034,0
2
771,-1014,0
897,-1012,0
020135020136
2,2
020135,020136
1,1
2
828,656,0
917,656,0
2
828,647,0
917,647,0
2
828,665,0
917,665,0
