211
008489
-1296,-93,0
4
-1293.99,-100.996,0
-1294.01,-84.9965,0
-1298.01,-85.0035,0
-1297.99,-101.003,0
008515
-1289,233,0
4
-1282.76,227.608,0
-1291.97,240.694,0
-1295.24,238.392,0
-1286.03,225.306,0
008574
-1337,-1057,0
4
-1334.84,-1064.96,0
-1335.16,-1048.96,0
-1339.16,-1049.04,0
-1338.84,-1065.04,0
008709
-724,-92,0
8
-714.475,-80.1472,0
-733.976,-80.2676,0
-737.687,-82.2739,0
-737.402,-101.773,0
-735.382,-103.77,0
-712.382,-103.628,0
-710.402,-101.606,0
-710.687,-82.1083,0
008713
-727,65,0
8
-717.273,71.54,0
-736.775,71.8887,0
-738.775,69.9683,0
-738.673,60.9573,0
-736.635,58.8782,0
-717.125,58.5294,0
-715.197,62.2937,0
-715.26,67.7935,0
008727
-729,627,0
8
-719.195,640.558,0
-738.721,634.079,0
-740.628,630.74,0
-740.634,606.893,0
-738.676,606.268,0
-719.199,612.731,0
-717.316,617.569,0
-717.311,637.077,0
008777
-727,1119,0
4
-736.758,1117.04,0
-717.258,1116.96,0
-717.242,1120.96,0
-736.742,1121.04,0
008813
-659,-499,0
4
-666.716,-502.515,0
-650.924,-499.488,0
-651.677,-495.56,0
-667.469,-498.587,0
008827
-650,-599,0
8
-640.798,-592.47,0
-660.374,-592.502,0
-662.195,-594.5,0
-661.831,-603.5,0
-658.059,-605.499,0
-642.059,-605.473,0
-638.255,-603.462,0
-638.618,-594.463,0
008833
-652,-1046,0
8
-642.203,-1030.33,0
-661.705,-1030.82,0
-663.716,-1034.61,0
-663.693,-1057.61,0
-661.675,-1061.35,0
-642.177,-1060.85,0
-640.184,-1058.77,0
-640.21,-1032.25,0
008878
-650,-1452,0
4
-640.26,-1449.95,0
-659.76,-1450.05,0
-659.74,-1454.05,0
-640.24,-1453.95,0
009161
-457,135,0
4
-461.5,133,0
-452.5,133,0
-452.5,137,0
-461.5,137,0
009170
-457,66,0
12
-450.75,77.8448,0
-463.25,77.8448,0
-465.25,70.4695,0
-465.217,61.4695,0
-465.381,47.6337,0
-460.113,46.0533,0
-464.533,45.8194,0
-448.537,46.1914,0
-453.284,46.1567,0
-448.067,47.896,0
-448.458,56.377,0
-448.75,75.8748,0
009177
-441,-89,0
8
-442.991,-77.0726,0
-448.819,-77.3849,0
-451.406,-79.3598,0
-447.514,-98.8196,0
-445.5,-100.825,0
-436.5,-100.342,0
-434.52,-98.1684,0
-438.364,-78.9493,0
009178
-410,-86,0
6
-412.702,-74.2219,0
-418.379,-75.1338,0
-419.495,-77.1233,0
-416.396,-96.4145,0
-403.219,-94.4643,0
-406.318,-75.1731,0
009179
-446,-41,10
4
-438.598,-36.5521,10
-454.027,-41.4495,10
-452.815,-45.2688,10
-437.39,-40.3727,10
009361
-339,-598,0
6
-336.188,-591.362,0
-341.69,-591.502,0
-343.709,-593.515,0
-343.48,-602.514,0
-333.98,-602.266,0
-334.209,-593.267,0
009363
-338,-490,0
8
-331.659,-481.439,0
-344.164,-481.921,0
-346.203,-485.736,0
-346.292,-494.742,0
-340.827,-498.34,0
-335.325,-498.128,0
-329.806,-495.863,0
-329.681,-483.343,0
009485
-257,69,0
8
-243.069,82.992,0
-263.986,80.4251,0
-268.195,78.5832,0
-276.961,58.9495,0
-276.282,57.1032,0
-251.077,60.1965,0
-244.755,67.2363,0
-240.149,77.5528,0
009512
-235,-396,0
4
-239.422,-402.998,0
-230.517,-394.479,0
-233.282,-391.589,0
-242.187,-400.108,0
009513
-234,-485,0
8
-229.576,-478.172,0
-238.571,-478.709,0
-240.545,-480.809,0
-240.494,-489.817,0
-236.75,-491.644,0
-231.25,-491.316,0
-227.507,-489.048,0
-227.558,-480.028,0
009524
-234,-593,0
6
-231.25,-586.422,0
-236.75,-586.626,0
-238.748,-588.721,0
-238.415,-597.715,0
-228.918,-597.367,0
-229.251,-588.373,0
009629
-160,424,0
4
-153,426,0
-168,427,0
-169,422,0
-154,421,0
009699
-114,644,0
8
-98.1755,661.439,0
-118.851,660.817,0
-123.175,653.5,0
-128.362,633.849,0
-127.582,626.682,0
-107.534,627.285,0
-104.787,629.291,0
-96.7957,659.566,0
009743
-100,-5,0
4
-95.6008,-17.6574,0
-100.467,8.39195,0
-104.399,7.6574,0
-99.5328,-18.3919,0
009745
-224,-262,4
4
-223.336,-269.973,4
-220.557,-253.753,4
-224.501,-253.077,4
-227.279,-269.298,4
009747
-104,-254,0
10
-99,-240,0
-109,-240,0
-122,-240,0
-122,-246,0
-119,-248,0
-119,-263,0
-122,-265,0
-113,-268,0
-94,-266,0
-94,-240,0
009750
-138,-481,0
4
-135.746,-488.965,0
-136.254,-472.971,0
-140.141,-476.597,0
-139.855,-485.593,0
009760
-200,-1449,0
4
-188.755,-1452.13,0
-209.529,-1442.26,0
-211.245,-1445.87,0
-190.471,-1455.74,0
009761
-234,-789,0
4
-232,-793.5,0
-232,-784.5,0
-236,-784.5,0
-236,-793.5,0
009800
325,14,0
12
334,28,0
330,28,0
307,28,0
303,28,0
300,26,0
300,2,0
303,0,0
311,0,0
330,0,0
334,0,0
338,2,0
338,26,0
009814
-17,-168,0
8
-5.20944,-161.718,0
-28.2105,-161.231,0
-30.2996,-163.182,0
-30.4994,-172.18,0
-28.5,-174.228,0
-5.5,-174.715,0
-3.49843,-171.001,0
-3.3763,-165.502,0
009818
-17,-251,0
8
-3.75,-237.494,0
-30.25,-237.908,0
-32.2495,-239.971,0
-32.0726,-262.977,0
-28.2881,-264.859,0
-5.29095,-264.5,0
-1.68078,-255.5,0
-1.75,-246.5,0
009821
-16,-316,0
6
-4.59864,-309.5,0
-27.5932,-310.033,0
-29.0364,-323.113,0
-2.54266,-322.499,0
-0.604489,-320.5,0
-0.812883,-311.5,0
009823
104,-667,0
4
106.651,-664.87,0
101.157,-665.135,0
101.349,-669.13,0
106.843,-668.865,0
009840
-12,-479,0
8
1.0818,-467.799,0
-25.3998,-469.21,0
-27.369,-471.243,0
-26.8777,-487.237,0
-23.0412,-489.175,0
-0.0733041,-487.951,0
3.35554,-480.365,0
3.18638,-474.858,0
009843
-9,12,0
8
3.90694,28.1286,0
-16.3117,26.0458,0
-21.8364,23.0812,0
-24.9872,-4.46584,0
-23.0659,-6.0632,0
3.58227,-3.31812,0
5.65637,-0.950623,0
8.69516,25.6177,0
009846
-7,-587,0
8
4.19675,-580.184,0
-18.7989,-580.81,0
-20.7068,-582.861,0
-20.272,-591.852,0
-18.1719,-593.797,0
4.82574,-593.171,0
6.72419,-591.117,0
6.28939,-582.126,0
009851
34,1106,0
4
25.7712,1106.54,0
41.0085,1101.65,0
42.2288,1105.46,0
26.9915,1110.35,0
009867
-1,-789,0
8
10.5,-782.463,0
-12.5,-782.5,0
-14.5004,-784.5,0
-14.4624,-793.5,0
-12.4456,-795.5,0
10.5549,-795.463,0
12.5381,-793.456,0
12.5001,-784.456,0
009883
1,-1026,0
10
14.1228,-1010.87,0
-12.3762,-1011.1,0
-19.5203,-1013.57,0
-18.4469,-1040.05,0
-19.5514,-1038.38,0
4.38385,-1049.75,0
7.93783,-1044.96,0
12.7972,-1042.38,0
15.8919,-1039.39,0
16.1396,-1012.89,0
009915
47,314,0
4
38.8416,313.881,0
54.4282,310.181,0
55.3521,314.073,0
39.7655,317.773,0
009970
47,-1149,0
4
49.6467,-1146.87,0
44.1536,-1147.14,0
44.3533,-1151.13,0
49.8464,-1150.86,0
009983
81,431,0
6
91.9395,437.326,0
76.7498,442.392,0
72.1494,429.212,0
87.3392,424.146,0
90.2355,426.458,0
93.2325,435.444,0
010088
155,627,0
6
163.626,631.894,0
151.959,636.379,0
145.72,625.068,0
160.654,619.327,0
164.613,624.589,0
166.758,630.168,0
010209
323,890,0
8
327.414,896.563,0
318.411,896.708,0
316.437,894.798,0
316.611,885.782,0
320.411,883.614,0
325.916,883.525,0
329.613,885.582,0
329.439,894.581,0
010240
329,654,0
8
331.362,669.301,0
325.861,669.25,0
322.163,667.25,0
322.5,640.75,0
324.5,638.748,0
333.5,638.832,0
335.5,640.869,0
335.163,667.368,0
010248
329,430,0
8
331.75,436.509,0
326.25,436.5,0
324.25,434.5,0
324.207,425.5,0
326.187,423.5,0
331.688,423.508,0
333.707,425.515,0
333.75,434.515,0
010274
333,-171,0
8
335.473,-164.535,0
329.957,-164.275,0
328.045,-166.135,0
328.177,-175.167,0
330.162,-177.308,0
335.659,-177.567,0
337.714,-173.859,0
337.633,-168.355,0
010276
332,-243,0
4
334.778,-241.037,0
329.278,-240.963,0
329.224,-244.963,0
334.724,-245.037,0
010278
331,-320,0
8
333.834,-313.554,0
328.337,-313.272,0
326.308,-315.11,0
326.313,-324.139,0
328.338,-326.301,0
333.843,-326.583,0
335.812,-324.611,0
335.807,-315.608,0
010286
332,-573,0
8
334.811,-566.255,0
329.309,-566.389,0
327.287,-568.34,0
327.359,-577.348,0
329.409,-579.414,0
334.908,-579.28,0
336.863,-577.116,0
336.791,-568.092,0
010298
336,-787,0
8
338.681,-780.5,0
333.182,-780.591,0
331.2,-782.658,0
331.152,-791.664,0
333.11,-793.598,0
338.613,-793.506,0
340.655,-791.5,0
340.702,-782.5,0
010305
344,-1095,0
4
346.345,-1092.54,0
340.935,-1093.53,0
341.655,-1097.46,0
347.065,-1096.47,0
010315
331,-1024,0
12
340,-1010,0
332,-1010,0
313,-1010,0
309,-1010,0
306,-1012,0
306,-1036,0
309,-1038,0
316,-1038,0
336,-1038,0
340,-1038,0
344,-1036,0
344,-1012,0
010580
469,-1026,0
8
471.495,-1010.76,0
465.994,-1010.71,0
462.308,-1014.4,0
462.5,-1037.41,0
464.5,-1041.18,0
473.5,-1041.27,0
475.5,-1039.29,0
475.278,-1012.78,0
010581
465,-787,0
8
467.819,-780.5,0
462.318,-780.5,0
460.297,-782.5,0
460.325,-791.5,0
462.358,-793.5,0
467.859,-793.5,0
469.826,-791.5,0
469.798,-782.5,0
010582
466,-562,0
8
468.665,-555.245,0
463.171,-555.714,0
461.201,-557.879,0
461.257,-566.904,0
463.25,-568.744,0
468.75,-568.275,0
470.743,-566.098,0
470.686,-557.067,0
010583
463,-323,0
8
465.793,-316.529,0
460.294,-316.437,0
458.279,-318.392,0
458.306,-327.394,0
460.331,-329.44,0
465.832,-329.532,0
467.807,-327.551,0
467.78,-318.551,0
010584
464,-174,0
8
466.648,-169.218,0
461.146,-169.185,0
459.189,-171.139,0
459.229,-176.641,0
461.218,-178.687,0
466.718,-178.721,0
468.732,-176.7,0
468.691,-171.2,0
010591
469,-1098,0
4
473.5,-1096,0
464.5,-1096,0
464.5,-1100,0
473.5,-1100,0
010852
664,-1487,0
4
673.709,-1484.81,0
654.213,-1485.19,0
654.291,-1489.19,0
673.787,-1488.81,0
010859
650,660,0
8
659.48,674.975,0
639.976,675.066,0
634.506,672.963,0
634.572,646.459,0
636.546,644.497,0
663.046,644.373,0
665.096,648.072,0
665.038,671.083,0
010866
641,1157,0
4
631.288,1154.82,0
650.785,1155.18,0
650.712,1159.18,0
631.215,1158.82,0
010873
647,431,0
8
660.42,443.877,0
633.882,441.175,0
631.818,435.452,0
631.792,426.452,0
633.824,420.835,0
660.305,423.531,0
662.336,425.944,0
662.384,442.278,0
010884
650,19,0
8
663.139,34.3399,0
636.643,33.5865,0
634.659,31.4845,0
634.848,4.95973,0
638.611,3.151,0
661.607,3.80494,0
665.342,5.84002,0
665.153,32.3394,0
010886
655,-1027,0
8
664.922,-1013.32,0
645.419,-1013.44,0
643.391,-1015.44,0
643.472,-1038.44,0
645.511,-1040.45,0
665.013,-1040.33,0
666.978,-1038.29,0
666.897,-1015.29,0
010890
651,-172,0
8
659,-167.25,0
643,-167.335,0
637.5,-169.394,0
637.5,-174.895,0
639.5,-176.873,0
662.5,-176.75,0
664.5,-174.75,0
664.5,-169.25,0
010893
658,-545,0
8
667.546,-538.42,0
648.066,-539.358,0
646.133,-541.533,0
646.276,-550.556,0
650,-552.227,0
666,-551.457,0
669.751,-549.407,0
669.608,-540.408,0
010894
651,-325,0
8
662.5,-318.975,0
639.5,-318.375,0
637.492,-320.356,0
637.635,-329.358,0
639.697,-331.388,0
662.728,-331.989,0
664.664,-330.072,0
664.521,-321.058,0
010896
658,-787,0
6
666,-780.6,0
650,-780.5,0
647.999,-782.5,0
647.943,-791.5,0
649.918,-793.5,0
665.918,-793.6,0
011100
1187,-87,0
4
1190.86,-83.9399,0
1182.14,-86.1867,0
1183.14,-90.0601,0
1191.86,-87.8133,0
011101
826,-172,0
4
824,-169.25,0
824,-174.75,0
828,-174.75,0
828,-169.25,0
011102
1239,-351,0
4
1237.14,-348.155,0
1236.87,-353.648,0
1240.86,-353.845,0
1241.13,-348.352,0
011105
1240,-543,0
4
1238.02,-538.49,0
1237.98,-547.49,0
1241.98,-547.51,0
1242.02,-538.51,0
011114
1726,-1032,0
4
1724.11,-1023.97,0
1723.89,-1039.97,0
1727.89,-1040.03,0
1728.11,-1024.03,0
011341
1315,442,0
4
1313.02,446.508,0
1312.98,437.509,0
1316.98,437.492,0
1317.02,446.491,0
011347
1699,652,0
4
1697.06,660.016,0
1696.94,644.016,0
1700.94,643.984,0
1701.06,659.984,0
011348
-305,-395,0
6
-300.23,-399.5,0
-300.37,-390.5,0
-302.425,-388.501,0
-307.924,-388.587,0
-309.87,-390.65,0
-309.729,-399.65,0
011349
-337,-396,0
6
-332.673,-389.361,0
-341.674,-389.432,0
-343.319,-402.406,0
-330.817,-402.309,0
-328.796,-400.246,0
-328.867,-391.244,0
011350
-306,-358,0
6
-308.623,-362.749,0
-303.123,-362.673,0
-301.177,-360.617,0
-301.254,-355.117,0
-310.753,-355.25,0
-310.677,-360.75,0
011351
-206,-483,0
6
-210.746,-478.828,0
-210.329,-487.821,0
-200.671,-489.138,0
-201.25,-476.648,0
-203.25,-474.69,0
-208.75,-474.945,0
011352
-206,-342,0
4
-208.75,-342.078,0
-203.25,-347.578,0
-200.422,-344.75,0
-205.922,-339.25,0
011353
-338,-358,0
6
-342.36,-363.397,0
-333.373,-362.751,0
-331.397,-360.75,0
-331.792,-355.25,0
-334.026,-353.262,0
-343.013,-353.907,0
011356
-299,-246,0
6
-291.058,-244.631,0
-297.207,-238.058,0
-304.414,-244.854,0
-298.265,-251.427,0
-294.979,-250.927,0
-290.655,-246.882,0
011357
-147,-271,0
6
-151.541,-275.927,0
-145.62,-275.556,0
-142.985,-273.531,0
-143.329,-268.042,0
-153.248,-268.679,0
-152.904,-274.169,0
011358
-157,-301,0
4
-154.238,-301.411,0
-158.202,-295.911,0
-161.447,-298.25,0
-157.483,-303.75,0
011359
-276,-224,0
6
-281.378,-222.917,0
-275.047,-229.316,0
-271.747,-228.682,0
-267.489,-224.469,0
-268.011,-222.264,0
-274.342,-215.865,0
011360
98,-469,0
8
100.621,-462.399,0
95.1269,-462.75,0
93.2049,-466.675,0
93.3069,-472.188,0
95.367,-475.749,0
100.862,-475.398,0
102.824,-473.324,0
102.657,-464.324,0
011362
-121,-332,0
8
-131.027,-326.275,0
-149.434,-326.736,0
-140.755,-329.93,0
-140.577,-335.427,0
-148.628,-338.947,0
-131.042,-338.506,0
-120.798,-338.248,0
-121.202,-325.752,0
011363
-715,-599,0
4
-713,-603.5,0
-713,-594.5,0
-717,-594.5,0
-717,-603.5,0
011364
-133,-242,0
4
-131.573,-245.566,0
-130.635,-240.003,0
-134.579,-239.337,0
-135.518,-244.901,0
011365
460,13,0
6
455.455,24.534,0
455.495,1.53306,0
457.538,-0.481302,0
463.039,-0.47178,0
464.996,1.55362,0
464.956,24.5545,0
011367
-614,-498,0
4
-611.87,-502.44,0
-612.131,-493.444,0
-616.13,-493.56,0
-615.869,-502.556,0
011368
-725,-277,0
4
-732.45,-280.013,0
-716.396,-277.868,0
-716.926,-273.903,0
-732.98,-276.049,0
011369
-651,-709,0
8
-641.19,-702.455,0
-660.691,-702.5,0
-662.709,-704.5,0
-662.764,-713.5,0
-660.769,-715.5,0
-641.269,-715.455,0
-639.263,-713.446,0
-639.208,-704.446,0
011370
-1,-706,0
8
10.1643,-699.052,0
-12.8395,-699.556,0
-14.7392,-701.563,0
-14.5124,-710.562,0
-12.5,-712.554,0
10.5,-712.05,0
12.4986,-708.223,0
12.3601,-702.724,0
011371
335,-693,0
8
339.382,-688.217,0
330.384,-688.401,0
328.434,-690.467,0
328.532,-695.967,0
332.301,-697.842,0
337.8,-697.73,0
341.53,-695.7,0
341.432,-690.201,0
011372
466,-692,0
8
468.75,-687.221,0
463.25,-687.271,0
461.25,-689.286,0
461.221,-694.787,0
463.2,-696.772,0
468.7,-696.722,0
470.721,-694.701,0
470.75,-689.2,0
011373
658,-690,0
6
666,-685.333,0
650,-685.333,0
648,-687.354,0
648,-692.854,0
650,-694.833,0
666,-694.833,0
011374
91,-170,0
8
93.6725,-165.225,0
88.1714,-165.199,0
86.2007,-167.161,0
86.3475,-172.664,0
88.4222,-174.701,0
93.927,-174.727,0
95.852,-172.707,0
95.7054,-167.208,0
011375
94,-251,0
8
96.5056,-244.35,0
91.0074,-244.501,0
89.0808,-246.5,0
89.3166,-255.5,0
91.3497,-257.503,0
96.848,-257.352,0
98.8151,-255.242,0
98.5792,-246.241,0
011376
95,-316,0
8
97.6507,-309.525,0
92.1497,-309.5,0
90.1804,-311.5,0
90.3379,-320.5,0
92.3769,-322.501,0
97.8785,-322.526,0
99.8394,-320.545,0
99.6819,-311.543,0
011377
100,-584,0
8
102.634,-577.333,0
97.1378,-577.573,0
95.1732,-579.634,0
95.4681,-588.629,0
97.5635,-590.57,0
103.058,-590.33,0
104.961,-588.213,0
104.666,-579.215,0
011378
88,14,0
6
83.4045,25.4077,0
83.4381,2.4035,0
85.4707,0.438425,0
90.9713,0.446452,0
92.9388,2.41079,0
92.9052,25.415,0
011379
201,12,0
6
196.394,23.5833,0
196.376,0.580032,0
198.399,-1.45524,0
203.899,-1.45956,0
205.877,0.577162,0
205.895,23.5804,0
011380
203,-169,0
8
205.698,-164.25,0
200.198,-164.275,0
198.22,-166.293,0
198.25,-171.793,0
200.25,-173.775,0
205.75,-173.75,0
207.75,-171.75,0
207.72,-166.25,0
011381
203,-245,0
8
205.75,-238.413,0
200.25,-238.644,0
198.252,-240.755,0
198.315,-249.765,0
200.342,-251.654,0
205.839,-251.423,0
207.811,-249.362,0
207.748,-240.36,0
011382
204,-317,0
8
206.66,-310.526,0
201.159,-310.474,0
197.437,-312.44,0
197.56,-321.441,0
199.587,-323.459,0
208.589,-323.545,0
210.562,-321.565,0
210.438,-312.563,0
011383
333,-462,0
4
335.722,-459.993,0
330.222,-460.007,0
330.232,-464.007,0
335.732,-463.993,0
011384
-346,-289,0
4
-339.62,-289.262,0
-349.07,-285.709,0
-350.477,-289.454,0
-341.027,-293.006,0
011385
-129,-270,0
4
-126.384,-271.591,0
-128.132,-266.18,0
-131.939,-267.409,0
-130.191,-272.82,0
011386
-219,-247,0
4
-220.444,-243.452,0
-221.357,-249.014,0
-217.41,-249.662,0
-216.497,-244.1,0
011387
-81,-253,0
4
-86,-239,0
-86,-265,0
-76,-265,0
-76,-239,0
011388
-104,-128,0
4
-108.527,-129.937,0
-99.5282,-130.062,0
-99.4727,-126.063,0
-108.472,-125.938,0
011389
-348,-72,0
4
-341.879,-77.2685,0
-351.778,-63.101,0
-355.057,-65.3921,0
-345.158,-79.5596,0
011390
-376,-183,15
4
-370.655,-175.75,15
-383.175,-186.539,15
-380.562,-189.572,15
-368.04,-178.781,15
011391
-324,-219,10
4
-326.048,-226.828,10
-318.258,-212.761,10
-321.758,-210.822,10
-329.548,-224.889,10
011392
-461,-41,0
4
-462.909,-43.5691,0
-457.538,-42.1587,0
-458.554,-38.2898,0
-463.925,-39.7003,0
011393
-433,-39,0
4
-434.758,-41.6636,0
-429.465,-39.9673,0
-430.686,-36.1582,0
-435.979,-37.8544,0
011394
-456,23,0
4
-463.677,20.3091,0
-447.705,21.7301,0
-448.061,25.7174,0
-464.032,24.2964,0
011395
212,652,10
4
209.708,665.212,10
210.292,638.718,10
214.33,637.057,10
213.669,667.05,10
011396
256,893,0
6
262.554,899.153,0
254.025,902.043,0
249.823,889.376,0
258.352,886.486,0
261.057,888.269,0
264.064,897.143,0
011399
173,673,0
6
184.26,690.098,0
175.859,693.327,0
166.285,672.99,0
177.953,668.506,0
180.682,670.411,0
182.813,675.957,0
011401
-233,-180,0
4
-235.439,-176.058,0
-234.182,-187.648,0
-230.205,-187.216,0
-231.463,-175.626,0
011402
-201,-201,0
4
-201.425,-195.339,0
-204.071,-204.367,0
-200.233,-205.492,0
-197.586,-196.464,0
011403
-105,-200,0
6
-100.41,-193.525,0
-109.411,-193.546,0
-111.438,-195.567,0
-111.418,-204.567,0
-109.38,-206.546,0
-100.378,-206.525,0
011405
-149,-342,0
4
-151.506,-339.25,0
-150.553,-344.75,0
-146.612,-344.067,0
-147.565,-338.567,0
011406
-149,-324,0
4
-147.443,-327.305,0
-146.673,-321.805,0
-150.634,-321.25,0
-151.405,-326.75,0
011407
-270,-324,0
4
-269.922,-326.75,0
-264.422,-321.25,0
-267.25,-318.422,0
-272.75,-323.922,0
011409
-270,-301,0
4
-264.422,-303.75,0
-269.922,-298.25,0
-272.75,-301.078,0
-267.25,-306.578,0
011413
-221,-1035,0
4
-223,-1022,0
-223,-1046,0
-219,-1048,0
-219,-1022,0
011414
108,-1027,0
4
106,-1012,0
106,-1040,0
110,-1040,0
110,-1015,0
020001
-723,-191,0
4
-711.519,-189.075,0
-734.522,-188.924,0
-731.047,-192.947,0
-715.046,-193.052,0
020003
-874,-1048,0
4
-876,-1035,0
-876,-1061,0
-872,-1061,0
-872,-1035,0
020004
-556,-1042,0
4
-558,-1029,0
-558,-1055,0
-554,-1052,0
-554,-1029,0
020005
40,649,15
4
38,662,15
38,636,15
42,636,15
42,662,15
020006
-197,83,0
4
-199.97,86.9278,0
-197.925,78.1633,0
-194.03,79.0722,0
-196.075,87.8367,0
020007
-444,27,0
4
-446.347,24.3562,0
-440.993,25.6861,0
-441.957,29.5681,0
-447.312,28.2383,0
020008
-469,26,0
4
-471.556,24.2137,0
-465.959,23.7294,0
-465.615,27.7146,0
-471.211,28.1988,0
020009
726,447,0
4
723.454,452.861,0
724.602,440.34,0
736.558,442.32,0
735.731,451.335,0
020010
45,-1109,0
4
46.7564,-1106.44,0
41.3243,-1107.94,0
42.3863,-1111.79,0
47.8184,-1110.3,0
020011
-441,-136,0
4
-436.5,-134,0
-445.5,-134,0
-445.5,-138,0
-436.5,-138,0
020012
-803,68,0
4
-801.179,63.4246,0
-800.824,72.4176,0
-804.821,72.5754,0
-805.176,63.5824,0
020014
-713,-709,0
4
-711,-713.5,0
-711,-704.5,0
-715,-704.5,0
-715,-713.5,0
020015
300,430,0
6
295.535,434.52,0
295.515,425.52,0
297.635,423.515,0
303.145,423.502,0
305.025,425.5,0
305.046,434.5,0
020017
268,675,0
4
266.999,677.73,0
264.605,672.178,0
268.278,670.594,0
270.672,676.146,0
020018
268,631,0
4
264.476,633.627,0
267.141,628.218,0
270.729,629.986,0
268.064,635.395,0
020019
278,966,0
4
273.114,965.384,0
281.731,962.787,0
282.886,966.616,0
274.269,969.213,0
020020
322,966,0
4
317.527,963.941,0
326.526,964.059,0
326.473,968.059,0
317.474,967.941,0
020021
403,891,0
4
400.944,895.475,0
401.056,886.475,0
405.056,886.525,0
404.944,895.525,0
020022
287,654,0
8
277.246,668.879,0
269.917,668.782,0
268.004,668.499,0
268.679,638.506,0
270.656,638.533,0
277.869,638.629,0
287.298,640.75,0
286.702,667.25,0
020023
305,-169,0
8
308.452,-162.726,0
302.941,-162.53,0
300.532,-166.25,0
300.27,-171.75,0
302.339,-175.518,0
307.842,-175.715,0
309.81,-173.855,0
310.238,-164.863,0
020024
306,-242,0
6
308.662,-235.542,0
303.162,-235.58,0
301.189,-237.638,0
301.251,-246.64,0
303.25,-248.582,0
308.75,-248.544,0
020025
306,-318,0
8
308.75,-311.705,0
303.25,-311.459,0
301.252,-313.453,0
301.22,-322.453,0
303.205,-324.485,0
308.703,-324.731,0
310.716,-322.892,0
310.748,-313.865,0
020026
305,-461,0
6
307.794,-454.7,0
302.295,-454.606,0
300.279,-456.687,0
300.126,-465.701,0
302.07,-467.619,0
307.57,-467.713,0
020027
302,-572,0
8
304.925,-565.576,0
299.421,-565.648,0
297.367,-567.767,0
297.356,-576.784,0
299.413,-578.669,0
304.913,-578.597,0
306.864,-576.665,0
306.875,-567.66,0
020028
305,-694,0
8
307.632,-689.16,0
302.135,-689.359,0
300.185,-691.437,0
300.282,-696.937,0
302.302,-698.859,0
307.8,-698.66,0
309.777,-696.592,0
309.68,-691.092,0
020029
306,-788,0
8
308.68,-781.409,0
303.181,-781.51,0
301.187,-783.516,0
301.711,-792.514,0
303.923,-794.502,0
309.444,-794.401,0
311.229,-792.328,0
310.706,-783.341,0
020031
311,-1096,0
4
314.185,-1094.81,0
308.886,-1093.34,0
307.815,-1097.19,0
313.114,-1098.66,0
020032
-59,-167,0
4
-57.1077,-171.546,0
-56.8935,-162.549,0
-60.8923,-162.454,0
-61.1065,-171.451,0
020033
552,14,0
4
531.646,25.2794,0
532.357,2.28581,0
554.408,0.8556,0
553.588,27.3483,0
020034
651,-124,0
4
660.736,-121.966,0
641.236,-122.034,0
643,-126.028,0
659,-125.972,0
020036
-270,-357,0
4
-275.539,-354.403,0
-270.039,-359.752,0
-267.25,-356.885,0
-272.75,-351.535,0
020037
-270,-332,0
4
-272.75,-332.067,0
-267.25,-337.613,0
-264.41,-334.797,0
-269.91,-329.251,0
020038
-150,-333,0
4
-152.036,-330.233,0
-151.964,-335.734,0
-147.965,-335.681,0
-148.037,-330.181,0
020039
-233,-277,0
6
-235.977,-272.563,0
-237.021,-278.15,0
-234.408,-280.885,0
-228.006,-282.081,0
-226.984,-279.337,0
-225.941,-273.751,0
020040
-227,-292,0
4
-226.035,-287.007,0
-229.759,-292.507,0
-226.447,-294.75,0
-222.723,-289.25,0
020041
-170,-292,0
4
-172,-289.25,0
-172,-294.75,0
-168,-294.75,0
-168,-289.25,0
020042
-159,-482,0
6
-153.894,-486.262,0
-154.204,-477.267,0
-156.181,-475.362,0
-161.684,-475.551,0
-163.704,-477.599,0
-163.394,-486.595,0
020043
-158,-385,0
4
-160.751,-385.05,0
-155.308,-390.606,0
-152.45,-387.807,0
-157.893,-382.251,0
020044
-60,-386,0
4
-61.9718,-383.23,0
-62.028,-388.729,0
-58.0282,-388.77,0
-57.972,-383.271,0
020045
-253,-395,0
6
-257.751,-390.5,0
-258.001,-399.5,0
-248.502,-399.757,0
-248.252,-390.757,0
-250.25,-388.646,0
-255.75,-388.493,0
020046
-253,-342,0
4
-255.75,-342.078,0
-250.25,-347.578,0
-247.422,-344.75,0
-252.922,-339.25,0
020047
-224,-342,0
4
-226,-339.25,0
-226,-344.75,0
-222,-344.75,0
-222,-339.25,0
020048
-344,-307,0
6
-347.864,-312.673,0
-338.922,-311.65,0
-337.156,-309.628,0
-337.784,-304.139,0
-340.007,-302.187,0
-348.949,-303.209,0
020049
-288,-306,0
4
-293.553,-303.349,0
-288.053,-308.751,0
-285.25,-305.898,0
-290.75,-300.495,0
020050
-288,-284,0
4
-290.75,-286,0
-285.25,-286,0
-285.25,-282,0
-290.75,-282,0
020051
-13,-413,0
4
0.185069,-410.696,0
-26.3087,-411.306,0
-26.2166,-415.305,0
0.277197,-414.695,0
020052
206,-465,0
6
210.41,-458.317,0
201.414,-458.666,0
199.442,-460.74,0
199.791,-469.733,0
212.784,-469.23,0
212.436,-460.236,0
020100
-57,-331,0
4
-59.0974,-324.782,0
-58.9021,-337.28,0
-54.9026,-337.218,0
-55.0979,-324.72,0
020101
1021,656,0
6
1009.03,665.75,0
1009.2,646.25,0
1011.19,644.248,0
1030.7,644.422,0
1032.71,646.457,0
1032.53,665.957,0
020102
1077,657,0
8
1077.54,668.616,0
1067.98,668.569,0
1066.7,666.568,0
1070.24,647.128,0
1072.61,645.2,0
1081.61,645.245,0
1083.79,648.945,0
1080.87,664.969,0
020103
1020,442,0
8
1029.78,448.665,0
1010.28,448.666,0
1008.27,446.7,0
1008.59,437.693,0
1012.46,435.631,0
1028.5,435.631,0
1032.09,437.704,0
1031.77,446.7,0
020104
1079,443,0
8
1083.44,449.481,0
1074.44,449.424,0
1072.46,447.39,0
1072.43,438.388,0
1074.39,436.422,0
1083.4,436.479,0
1085.43,438.473,0
1085.46,447.473,0
020105
1032,780,0
4
1028.46,776.576,0
1036.91,779.668,0
1035.54,783.424,0
1027.09,780.332,0
020106
1033,270,0
6
1039.78,286.448,0
1023.82,285.275,0
1023.28,269.285,0
1042.72,270.715,0
1043.84,275.333,0
1042.92,287.784,0
020107
1077,319,0
4
1081.51,319.38,0
1072.56,322.89,0
1071.1,319.166,0
1080.05,315.657,0
020108
1036,228,0
8
1045.51,231.711,0
1025.83,233.507,0
1023.96,231.082,0
1024.3,222.058,0
1026.29,220.026,0
1045.8,218.245,0
1048.03,219.541,0
1047.66,229.081,0
020110
953,218,0
4
955.524,213.772,0
954.447,222.707,0
950.476,222.228,0
951.553,213.293,0
020111
1158,190,0
4
1157.43,194.891,0
1154.75,186.298,0
1158.57,185.109,0
1161.25,193.702,0
020112
1037,34,0
8
1046.67,49.9445,0
1027.18,48.0166,0
1025.2,45.7438,0
1025,18.9646,0
1028.67,17.4753,0
1044.71,19.0613,0
1048.61,28.4336,0
1048.7,40.9615,0
020113
1033,-169,0
4
1041.04,-167.009,0
1025.04,-166.991,0
1025.03,-170.991,0
1041.04,-171.009,0
020114
1154,41,0
4
1154.85,45.5586,0
1147.98,36.1319,0
1151.21,33.7774,0
1158.08,43.2041,0
020115
1036,-341,0
8
1043.89,-334.887,0
1027.88,-334.16,0
1025.92,-336.077,0
1026.04,-345.09,0
1028.06,-347.173,0
1044.07,-347.9,0
1046.03,-344.248,0
1045.96,-338.737,0
020121
1038,-542,0
8
1045.94,-535.539,0
1029.94,-535.563,0
1027.96,-537.579,0
1028.04,-546.579,0
1030.05,-548.563,0
1046.05,-548.54,0
1048.04,-546.55,0
1047.96,-537.549,0
020122
1040,-792,0
6
1047.95,-786.223,0
1031.95,-785.558,0
1031.37,-798.555,0
1047.37,-799.22,0
1049.59,-797.416,0
1049.96,-788.411,0
020123
1019,-1022,0
12
1029.91,-1009.71,0
1010.49,-1007.93,0
1008.25,-1010.59,0
1008.44,-1033.59,0
1012.11,-1035.53,0
1020.98,-1037.05,0
1033.14,-1036.4,0
1036.51,-1032.05,0
1038.86,-1032.03,0
1039.14,-1012.53,0
1037.24,-1013.36,0
1034.23,-1008.75,0
020124
1254,-812,0
4
1252.43,-807.333,0
1251.59,-816.294,0
1255.57,-816.667,0
1256.41,-807.706,0
020125
973,-1290,0
4
977.773,-1288.79,0
968.903,-1287.27,0
968.227,-1291.21,0
977.097,-1292.73,0
020126
757,657,0
4
755,669,0
755,645,0
759,648,0
759,669,0
020127
820,20,0
4
817.907,33.2379,0
818.093,6.73855,0
822.081,8.51653,0
821.919,31.516,0
020128
943,21,0
4
941,34,0
941,8,0
945,8,0
945,34,0
020129
1141,-1006,0
4
1139.03,-1003.23,0
1138.97,-1008.73,0
1142.97,-1008.77,0
1143.03,-1003.27,0
020130
1045,-1005,0
4
1042.44,-1003.39,0
1044.06,-1008.9,0
1047.9,-1007.78,0
1046.28,-1002.26,0
020131
1041,-1039,0
4
1040.3,-1034.98,0
1038.37,-1040.44,0
1042.14,-1041.77,0
1044.07,-1036.31,0
020132
1138,-1041,0
4
1136.06,-1038.21,0
1135.94,-1043.71,0
1139.94,-1043.79,0
1140.06,-1038.29,0
020133
769,-1025,0
4
767,-1013,0
767,-1037,0
771,-1036,0
771,-1014,0
020134
899,-1023,0
4
897,-1012,0
897,-1034,0
901,-1035,0
901,-1011,0
020135
826,656,0
4
824,666,0
824,645,0
828,647,0
828,665,0
020136
919,656,0
4
917,665,0
917,647,0
921,647,0
921,666,0
